{
 "cells": [
  {
   "cell_type": "markdown",
   "metadata": {},
   "source": [
    "# Testing DEMV on _Contraceptive Method Choice_ dataset"
   ]
  },
  {
   "cell_type": "markdown",
   "metadata": {},
   "source": [
    "Source: [https://archive.ics.uci.edu/ml/datasets/Contraceptive+Method+Choice](https://archive.ics.uci.edu/ml/datasets/Contraceptive+Method+Choice)\n",
    "\n",
    "- Label: `contr_use`\n",
    "- Unprivileged group: `wife_religion=1 (islam) & wife_work=1 (non-work)`\n",
    "- Positive label: `2 (long-term)`"
   ]
  },
  {
   "cell_type": "code",
   "execution_count": 1,
   "metadata": {},
   "outputs": [],
   "source": [
    "import pandas as pd\n",
    "import numpy as np\n",
    "\n",
    "from sklearn.linear_model import LogisticRegression\n",
    "from sklearn.preprocessing import StandardScaler\n",
    "from sklearn.pipeline import Pipeline\n",
    "\n",
    "from fairlearn.reductions import ExponentiatedGradient, BoundedGroupLoss, ZeroOneLoss\n",
    "\n",
    "import matplotlib.pyplot as plt\n",
    "import seaborn as sns\n",
    "\n",
    "from utils import *\n",
    "from demv import DEMV\n",
    "\n",
    "import warnings\n",
    "warnings.filterwarnings('ignore')\n",
    "\n",
    "sns.set_style('whitegrid')\n",
    "%load_ext autoreload\n",
    "%autoreload 2"
   ]
  },
  {
   "cell_type": "code",
   "execution_count": 2,
   "metadata": {},
   "outputs": [
    {
     "data": {
      "text/html": [
       "<div>\n",
       "<style scoped>\n",
       "    .dataframe tbody tr th:only-of-type {\n",
       "        vertical-align: middle;\n",
       "    }\n",
       "\n",
       "    .dataframe tbody tr th {\n",
       "        vertical-align: top;\n",
       "    }\n",
       "\n",
       "    .dataframe thead th {\n",
       "        text-align: right;\n",
       "    }\n",
       "</style>\n",
       "<table border=\"1\" class=\"dataframe\">\n",
       "  <thead>\n",
       "    <tr style=\"text-align: right;\">\n",
       "      <th></th>\n",
       "      <th>wife_age</th>\n",
       "      <th>wife_edu</th>\n",
       "      <th>hus_edu</th>\n",
       "      <th>num_child</th>\n",
       "      <th>wife_religion</th>\n",
       "      <th>wife_work</th>\n",
       "      <th>hus_occ</th>\n",
       "      <th>living</th>\n",
       "      <th>media</th>\n",
       "      <th>contr_use</th>\n",
       "    </tr>\n",
       "  </thead>\n",
       "  <tbody>\n",
       "    <tr>\n",
       "      <th>0</th>\n",
       "      <td>24</td>\n",
       "      <td>2</td>\n",
       "      <td>3</td>\n",
       "      <td>3</td>\n",
       "      <td>1</td>\n",
       "      <td>1</td>\n",
       "      <td>2</td>\n",
       "      <td>3</td>\n",
       "      <td>0</td>\n",
       "      <td>1</td>\n",
       "    </tr>\n",
       "    <tr>\n",
       "      <th>1</th>\n",
       "      <td>45</td>\n",
       "      <td>1</td>\n",
       "      <td>3</td>\n",
       "      <td>10</td>\n",
       "      <td>1</td>\n",
       "      <td>1</td>\n",
       "      <td>3</td>\n",
       "      <td>4</td>\n",
       "      <td>0</td>\n",
       "      <td>1</td>\n",
       "    </tr>\n",
       "    <tr>\n",
       "      <th>2</th>\n",
       "      <td>43</td>\n",
       "      <td>2</td>\n",
       "      <td>3</td>\n",
       "      <td>7</td>\n",
       "      <td>1</td>\n",
       "      <td>1</td>\n",
       "      <td>3</td>\n",
       "      <td>4</td>\n",
       "      <td>0</td>\n",
       "      <td>1</td>\n",
       "    </tr>\n",
       "    <tr>\n",
       "      <th>3</th>\n",
       "      <td>42</td>\n",
       "      <td>3</td>\n",
       "      <td>2</td>\n",
       "      <td>9</td>\n",
       "      <td>1</td>\n",
       "      <td>1</td>\n",
       "      <td>3</td>\n",
       "      <td>3</td>\n",
       "      <td>0</td>\n",
       "      <td>1</td>\n",
       "    </tr>\n",
       "    <tr>\n",
       "      <th>4</th>\n",
       "      <td>36</td>\n",
       "      <td>3</td>\n",
       "      <td>3</td>\n",
       "      <td>8</td>\n",
       "      <td>1</td>\n",
       "      <td>1</td>\n",
       "      <td>3</td>\n",
       "      <td>2</td>\n",
       "      <td>0</td>\n",
       "      <td>1</td>\n",
       "    </tr>\n",
       "    <tr>\n",
       "      <th>...</th>\n",
       "      <td>...</td>\n",
       "      <td>...</td>\n",
       "      <td>...</td>\n",
       "      <td>...</td>\n",
       "      <td>...</td>\n",
       "      <td>...</td>\n",
       "      <td>...</td>\n",
       "      <td>...</td>\n",
       "      <td>...</td>\n",
       "      <td>...</td>\n",
       "    </tr>\n",
       "    <tr>\n",
       "      <th>1468</th>\n",
       "      <td>33</td>\n",
       "      <td>4</td>\n",
       "      <td>4</td>\n",
       "      <td>2</td>\n",
       "      <td>1</td>\n",
       "      <td>0</td>\n",
       "      <td>2</td>\n",
       "      <td>4</td>\n",
       "      <td>0</td>\n",
       "      <td>3</td>\n",
       "    </tr>\n",
       "    <tr>\n",
       "      <th>1469</th>\n",
       "      <td>33</td>\n",
       "      <td>4</td>\n",
       "      <td>4</td>\n",
       "      <td>3</td>\n",
       "      <td>1</td>\n",
       "      <td>1</td>\n",
       "      <td>1</td>\n",
       "      <td>4</td>\n",
       "      <td>0</td>\n",
       "      <td>3</td>\n",
       "    </tr>\n",
       "    <tr>\n",
       "      <th>1470</th>\n",
       "      <td>39</td>\n",
       "      <td>3</td>\n",
       "      <td>3</td>\n",
       "      <td>8</td>\n",
       "      <td>1</td>\n",
       "      <td>0</td>\n",
       "      <td>1</td>\n",
       "      <td>4</td>\n",
       "      <td>0</td>\n",
       "      <td>3</td>\n",
       "    </tr>\n",
       "    <tr>\n",
       "      <th>1471</th>\n",
       "      <td>33</td>\n",
       "      <td>3</td>\n",
       "      <td>3</td>\n",
       "      <td>4</td>\n",
       "      <td>1</td>\n",
       "      <td>0</td>\n",
       "      <td>2</td>\n",
       "      <td>2</td>\n",
       "      <td>0</td>\n",
       "      <td>3</td>\n",
       "    </tr>\n",
       "    <tr>\n",
       "      <th>1472</th>\n",
       "      <td>17</td>\n",
       "      <td>3</td>\n",
       "      <td>3</td>\n",
       "      <td>1</td>\n",
       "      <td>1</td>\n",
       "      <td>1</td>\n",
       "      <td>2</td>\n",
       "      <td>4</td>\n",
       "      <td>0</td>\n",
       "      <td>3</td>\n",
       "    </tr>\n",
       "  </tbody>\n",
       "</table>\n",
       "<p>1473 rows × 10 columns</p>\n",
       "</div>"
      ],
      "text/plain": [
       "      wife_age  wife_edu  hus_edu  num_child  wife_religion  wife_work  \\\n",
       "0           24         2        3          3              1          1   \n",
       "1           45         1        3         10              1          1   \n",
       "2           43         2        3          7              1          1   \n",
       "3           42         3        2          9              1          1   \n",
       "4           36         3        3          8              1          1   \n",
       "...        ...       ...      ...        ...            ...        ...   \n",
       "1468        33         4        4          2              1          0   \n",
       "1469        33         4        4          3              1          1   \n",
       "1470        39         3        3          8              1          0   \n",
       "1471        33         3        3          4              1          0   \n",
       "1472        17         3        3          1              1          1   \n",
       "\n",
       "      hus_occ  living  media  contr_use  \n",
       "0           2       3      0          1  \n",
       "1           3       4      0          1  \n",
       "2           3       4      0          1  \n",
       "3           3       3      0          1  \n",
       "4           3       2      0          1  \n",
       "...       ...     ...    ...        ...  \n",
       "1468        2       4      0          3  \n",
       "1469        1       4      0          3  \n",
       "1470        1       4      0          3  \n",
       "1471        2       2      0          3  \n",
       "1472        2       4      0          3  \n",
       "\n",
       "[1473 rows x 10 columns]"
      ]
     },
     "execution_count": 2,
     "metadata": {},
     "output_type": "execute_result"
    }
   ],
   "source": [
    "data = pd.read_csv('data2/cmc.data', names=['wife_age', 'wife_edu', 'hus_edu', 'num_child', 'wife_religion', 'wife_work', 'hus_occ', 'living', 'media', 'contr_use'])\n",
    "data"
   ]
  },
  {
   "cell_type": "code",
   "execution_count": 3,
   "metadata": {},
   "outputs": [],
   "source": [
    "label = 'contr_use'\n",
    "sensitive_features = ['wife_religion', 'wife_work']\n",
    "unpriv_group = {'wife_religion': 1, 'wife_work': 1}\n",
    "positive_label= 2"
   ]
  },
  {
   "cell_type": "code",
   "execution_count": 4,
   "metadata": {},
   "outputs": [],
   "source": [
    "pipeline = Pipeline([\n",
    "  ('scaler', StandardScaler()),\n",
    "  ('classifier', LogisticRegression())\n",
    "])"
   ]
  },
  {
   "cell_type": "markdown",
   "metadata": {},
   "source": [
    "## Biased dataset"
   ]
  },
  {
   "cell_type": "code",
   "execution_count": 5,
   "metadata": {},
   "outputs": [],
   "source": [
    "model, bias_metrics, pred = cross_val2(pipeline, data, label, unpriv_group, sensitive_features, positive_label=positive_label)"
   ]
  },
  {
   "cell_type": "code",
   "execution_count": 6,
   "metadata": {},
   "outputs": [
    {
     "name": "stdout",
     "output_type": "stream",
     "text": [
      "Statistical parity:  -0.126  +-  0.032\n",
      "Disparate impact:  0.494  +-  0.121\n",
      "Zero one loss:  0.33  +-  0.147\n",
      "F1 score:  0.517  +-  0.039\n",
      "Accuracy score:  0.521  +-  0.038\n"
     ]
    }
   ],
   "source": [
    "print_metrics(bias_metrics)"
   ]
  },
  {
   "cell_type": "markdown",
   "metadata": {},
   "source": [
    "## DEMV dataset"
   ]
  },
  {
   "cell_type": "code",
   "execution_count": 7,
   "metadata": {},
   "outputs": [],
   "source": [
    "demv = DEMV(round_level=1)\n",
    "demv_data = data.copy()"
   ]
  },
  {
   "cell_type": "code",
   "execution_count": 8,
   "metadata": {},
   "outputs": [],
   "source": [
    "model, demv_metrics = cross_val(pipeline, demv_data, label, unpriv_group, sensitive_features, debiaser=demv, positive_label=positive_label)"
   ]
  },
  {
   "cell_type": "code",
   "execution_count": 9,
   "metadata": {},
   "outputs": [
    {
     "name": "stdout",
     "output_type": "stream",
     "text": [
      "Statistical parity:  0.012  +-  0.061\n",
      "Disparate impact:  0.671  +-  0.163\n",
      "Zero one loss:  0.226  +-  0.115\n",
      "F1 score:  0.505  +-  0.039\n",
      "Accuracy score:  0.513  +-  0.037\n"
     ]
    }
   ],
   "source": [
    "print_metrics(demv_metrics)"
   ]
  },
  {
   "cell_type": "markdown",
   "metadata": {},
   "source": [
    "## DEMV Evaluation"
   ]
  },
  {
   "cell_type": "code",
   "execution_count": 10,
   "metadata": {},
   "outputs": [],
   "source": [
    "eval_data = data.copy()"
   ]
  },
  {
   "cell_type": "code",
   "execution_count": 11,
   "metadata": {},
   "outputs": [
    {
     "data": {
      "text/plain": [
       "15"
      ]
     },
     "execution_count": 11,
     "metadata": {},
     "output_type": "execute_result"
    }
   ],
   "source": [
    "demv.get_iters()"
   ]
  },
  {
   "cell_type": "code",
   "execution_count": 12,
   "metadata": {},
   "outputs": [],
   "source": [
    "metrics = eval_demv(3, demv.get_iters(), eval_data, pipeline, label, unpriv_group, sensitive_features, positive_label)"
   ]
  },
  {
   "cell_type": "markdown",
   "metadata": {},
   "source": [
    "Execution time: ~6min"
   ]
  },
  {
   "cell_type": "markdown",
   "metadata": {},
   "source": [
    "## Blackbox PostProcessing"
   ]
  },
  {
   "cell_type": "code",
   "execution_count": 13,
   "metadata": {},
   "outputs": [],
   "source": [
    "sensitive_features = ['combined']\n",
    "unpriv_group = {'combined': 1}"
   ]
  },
  {
   "cell_type": "code",
   "execution_count": 14,
   "metadata": {},
   "outputs": [],
   "source": [
    "data.loc[:,\"combined\"] = 0\n",
    "data.loc[(data['wife_religion'] == 1) & (data[\"wife_work\"] == 1),\"combined\"] = 1"
   ]
  },
  {
   "cell_type": "code",
   "execution_count": 15,
   "metadata": {},
   "outputs": [],
   "source": [
    "#Now pred has the actual values on column \"y_true\" and predicted values on column \"contr_use\"\n",
    "\n",
    "pred.loc[:,\"combined\"] = 0\n",
    "pred.loc[(pred['wife_religion'] == 1) & (pred[\"wife_work\"] == 1),\"combined\"] = 1"
   ]
  },
  {
   "cell_type": "code",
   "execution_count": 16,
   "metadata": {},
   "outputs": [],
   "source": [
    "y_pred = pred[label].values\n",
    "y_true = pred['y_true'].values"
   ]
  },
  {
   "cell_type": "code",
   "execution_count": 17,
   "metadata": {},
   "outputs": [
    {
     "data": {
      "text/html": [
       "<div>\n",
       "<style scoped>\n",
       "    .dataframe tbody tr th:only-of-type {\n",
       "        vertical-align: middle;\n",
       "    }\n",
       "\n",
       "    .dataframe tbody tr th {\n",
       "        vertical-align: top;\n",
       "    }\n",
       "\n",
       "    .dataframe thead th {\n",
       "        text-align: right;\n",
       "    }\n",
       "</style>\n",
       "<table border=\"1\" class=\"dataframe\">\n",
       "  <thead>\n",
       "    <tr style=\"text-align: right;\">\n",
       "      <th></th>\n",
       "      <th>tp</th>\n",
       "      <th>fp</th>\n",
       "      <th>tn</th>\n",
       "      <th>fn</th>\n",
       "      <th>sens</th>\n",
       "      <th>spec</th>\n",
       "      <th>ppv</th>\n",
       "      <th>npv</th>\n",
       "      <th>j</th>\n",
       "      <th>f1</th>\n",
       "      <th>mcc</th>\n",
       "      <th>brier</th>\n",
       "      <th>auc</th>\n",
       "      <th>ap</th>\n",
       "      <th>true_prev</th>\n",
       "      <th>pred_prev</th>\n",
       "      <th>prev_diff</th>\n",
       "      <th>rel_prev_diff</th>\n",
       "    </tr>\n",
       "  </thead>\n",
       "  <tbody>\n",
       "    <tr>\n",
       "      <th>0</th>\n",
       "      <td>285.0</td>\n",
       "      <td>252.0</td>\n",
       "      <td>699.0</td>\n",
       "      <td>237.0</td>\n",
       "      <td>0.5214</td>\n",
       "      <td>0.7244</td>\n",
       "      <td>0.5173</td>\n",
       "      <td>0.7394</td>\n",
       "      <td>0.2458</td>\n",
       "      <td>0.5165</td>\n",
       "      <td>0.2508</td>\n",
       "      <td>0.3319</td>\n",
       "      <td>0.0</td>\n",
       "      <td>0.0</td>\n",
       "      <td>521.0</td>\n",
       "      <td>537.0</td>\n",
       "      <td>16.0</td>\n",
       "      <td>-0.0</td>\n",
       "    </tr>\n",
       "  </tbody>\n",
       "</table>\n",
       "</div>"
      ],
      "text/plain": [
       "      tp     fp     tn     fn    sens    spec     ppv     npv       j      f1  \\\n",
       "0  285.0  252.0  699.0  237.0  0.5214  0.7244  0.5173  0.7394  0.2458  0.5165   \n",
       "\n",
       "      mcc   brier  auc   ap  true_prev  pred_prev  prev_diff  rel_prev_diff  \n",
       "0  0.2508  0.3319  0.0  0.0      521.0      537.0       16.0           -0.0  "
      ]
     },
     "execution_count": 17,
     "metadata": {},
     "output_type": "execute_result"
    }
   ],
   "source": [
    "import tools\n",
    "stats = tools.clf_metrics(y_true, y_pred)\n",
    "stats"
   ]
  },
  {
   "cell_type": "code",
   "execution_count": 20,
   "metadata": {},
   "outputs": [
    {
     "name": "stdout",
     "output_type": "stream",
     "text": [
      "\n",
      "Pre-adjustment group rates are \n",
      "\n",
      "0\n",
      "      fpr     tpr\n",
      "1  0.2500  0.7273\n",
      "2  0.1579  0.5000\n",
      "3  0.2632  0.3750\n",
      "\n",
      "1\n",
      "      fpr     tpr\n",
      "1  0.2593  0.6500\n",
      "2  0.1026  0.5625\n",
      "3  0.2500  0.6053\n",
      "\n",
      "\n",
      "And loss is 0.4054\n",
      "\n",
      "\n",
      "Pre-adjustment group rates are \n",
      "\n",
      "0\n",
      "      fpr     tpr\n",
      "1  0.2500  0.7895\n",
      "2  0.1818  0.5000\n",
      "3  0.2121  0.3571\n",
      "\n",
      "1\n",
      "      fpr     tpr\n",
      "1  0.2653  0.6757\n",
      "2  0.1096  0.5385\n",
      "3  0.2200  0.6111\n",
      "\n",
      "\n",
      "And loss is 0.3910\n",
      "\n",
      "[0.60495397 0.18451971 0.21052632]\n",
      "[0.26844002 0.4753938  0.25616618]\n",
      "[0.20663404 0.40032556 0.3930404 ]\n",
      "[0.60495397 0.1719141  0.22313192]\n",
      "[0.27548673 0.4753938  0.24911947]\n",
      "[0.22383297 0.38312663 0.3930404 ]\n",
      "\n",
      "Pre-adjustment group rates are \n",
      "\n",
      "0\n",
      "      fpr     tpr\n",
      "1  0.2593  0.7273\n",
      "2  0.1143  0.4286\n",
      "3  0.2778  0.4615\n",
      "\n",
      "1\n",
      "      fpr     tpr\n",
      "1  0.2449  0.6286\n",
      "2  0.1029  0.5625\n",
      "3  0.2745  0.6061\n",
      "\n",
      "\n",
      "And loss is 0.4060\n",
      "\n",
      "[0.62367984 0.10359289 0.27272727]\n",
      "[0.26892577 0.32340565 0.40766857]\n",
      "[0.21506362 0.23584099 0.54909539]\n",
      "[0.62367984 0.09835476 0.2779654 ]\n",
      "[0.24805448 0.32340565 0.42853986]\n",
      "[0.24053768 0.21036693 0.54909539]\n",
      "\n",
      "Pre-adjustment group rates are \n",
      "\n",
      "0\n",
      "      fpr     tpr\n",
      "1  0.2667  0.7143\n",
      "2  0.1429  0.5000\n",
      "3  0.2703  0.3571\n",
      "\n",
      "1\n",
      "      fpr     tpr\n",
      "1  0.2500  0.6316\n",
      "2  0.1159  0.6154\n",
      "3  0.2549  0.5806\n",
      "\n",
      "\n",
      "And loss is 0.4135\n",
      "\n",
      "[0.5261783  0.18810741 0.28571429]\n",
      "[0.1978228  0.43415141 0.36802579]\n",
      "[0.22022875 0.33832426 0.44144699]\n",
      "[0.5261783  0.17039943 0.30342227]\n",
      "[0.19225746 0.43415141 0.37359114]\n",
      "[0.21499758 0.34355542 0.44144699]\n",
      "\n",
      "Pre-adjustment group rates are \n",
      "\n",
      "0\n",
      "      fpr     tpr\n",
      "1  0.2667  0.7647\n",
      "2  0.1290  0.5000\n",
      "3  0.2424  0.4286\n",
      "\n",
      "1\n",
      "      fpr     tpr\n",
      "1  0.2549  0.6857\n",
      "2  0.0704  0.5333\n",
      "3  0.2600  0.6389\n",
      "\n",
      "\n",
      "And loss is 0.3835\n",
      "\n",
      "[0.61103349 0.15367239 0.23529412]\n",
      "[0.21733892 0.46074497 0.32191612]\n",
      "[0.23834278 0.29199087 0.46966635]\n",
      "[0.61103349 0.12210451 0.26686199]\n",
      "[0.23762414 0.46074497 0.3016309 ]\n",
      "[0.22277263 0.30756102 0.46966635]\n",
      "\n",
      "Pre-adjustment group rates are \n",
      "\n",
      "0\n",
      "      fpr     tpr\n",
      "1  0.2667  0.7619\n",
      "2  0.1667  0.4667\n",
      "3  0.2500  0.3333\n",
      "\n",
      "1\n",
      "      fpr     tpr\n",
      "1  0.2609  0.6389\n",
      "2  0.1159  0.6154\n",
      "3  0.2653  0.5455\n",
      "\n",
      "\n",
      "And loss is 0.4211\n",
      "\n",
      "[0.63888889 0.15577521 0.20533591]\n",
      "[0.25685614 0.4102723  0.33287156]\n",
      "[0.26488299 0.35945073 0.37566628]\n",
      "[0.63888889 0.16669855 0.19441256]\n",
      "[0.15384615 0.4102723  0.43588155]\n",
      "[0.3030303  0.32130342 0.37566628]\n",
      "\n",
      "Pre-adjustment group rates are \n",
      "\n",
      "0\n",
      "      fpr     tpr\n",
      "1  0.1923  0.7222\n",
      "2  0.1875  0.5833\n",
      "3  0.2667  0.3571\n",
      "\n",
      "1\n",
      "      fpr     tpr\n",
      "1  0.2353  0.6316\n",
      "2  0.1081  0.6000\n",
      "3  0.2453  0.6389\n",
      "\n",
      "\n",
      "And loss is 0.3910\n",
      "\n",
      "[0.54634961 0.24488012 0.20877028]\n",
      "[0.17226263 0.46443463 0.36330274]\n",
      "[0.23035291 0.37235588 0.39729121]\n",
      "[0.54634961 0.19660706 0.25704333]\n",
      "[0.23068094 0.46443463 0.30488443]\n",
      "[0.19223412 0.41047467 0.39729121]\n",
      "\n",
      "Pre-adjustment group rates are \n",
      "\n",
      "0\n",
      "      fpr     tpr\n",
      "1  0.2581  0.6667\n",
      "2  0.1765  0.5333\n",
      "3  0.2727  0.3750\n",
      "\n",
      "1\n",
      "      fpr     tpr\n",
      "1  0.2745  0.6667\n",
      "2  0.1014  0.5333\n",
      "3  0.2292  0.6111\n",
      "\n",
      "\n",
      "And loss is 0.4135\n",
      "\n",
      "[0.52504837 0.14161829 0.33333333]\n",
      "[0.22531488 0.39067065 0.38401448]\n",
      "[0.20764781 0.28796701 0.50438518]\n",
      "[0.52504837 0.13809949 0.33685213]\n",
      "[0.21001935 0.39067065 0.39931   ]\n",
      "[0.21877016 0.27684466 0.50438518]\n",
      "\n",
      "Pre-adjustment group rates are \n",
      "\n",
      "0\n",
      "      fpr     tpr\n",
      "1  0.2333  0.7000\n",
      "2  0.1714  0.5333\n",
      "3  0.2857  0.3333\n",
      "\n",
      "1\n",
      "      fpr     tpr\n",
      "1  0.2708  0.6286\n",
      "2  0.1143  0.5385\n",
      "3  0.2708  0.5714\n",
      "\n",
      "\n",
      "And loss is 0.4286\n",
      "\n",
      "[0.62857143 0.27287052 0.09855805]\n",
      "[0.23506236 0.46313874 0.3017989 ]\n",
      "[0.30660431 0.42324294 0.27015275]\n",
      "[0.62857143 0.23049872 0.14092985]\n",
      "[0.23076923 0.46313874 0.30609203]\n",
      "[0.28571429 0.44413296 0.27015275]\n",
      "\n",
      "Pre-adjustment group rates are \n",
      "\n",
      "0\n",
      "      fpr     tpr\n",
      "1  0.2143  0.7143\n",
      "2  0.1429  0.5714\n",
      "3  0.2571  0.4286\n",
      "\n",
      "1\n",
      "      fpr     tpr\n",
      "1  0.2766  0.6579\n",
      "2  0.0870  0.5625\n",
      "3  0.2407  0.6129\n",
      "\n",
      "\n",
      "And loss is 0.3881\n",
      "\n",
      "[0.60204807 0.11223764 0.28571428]\n",
      "[0.26984761 0.39851117 0.33164122]\n",
      "[0.23638517 0.26169622 0.50191861]\n",
      "[0.60204807 0.12276182 0.27519011]\n",
      "[0.22877827 0.39851117 0.37271055]\n",
      "[0.26567799 0.23240339 0.50191861]\n",
      "\n",
      "Pre-adjustment group rates are \n",
      "\n",
      "0\n",
      "      fpr     tpr\n",
      "1  0.2857  0.7143\n",
      "2  0.1667  0.3846\n",
      "3  0.2941  0.3333\n",
      "\n",
      "1\n",
      "    fpr     tpr\n",
      "1  0.26  0.6571\n",
      "2  0.10  0.5333\n",
      "3  0.24  0.6286\n",
      "\n",
      "\n",
      "And loss is 0.4179\n",
      "\n",
      "[0.65899281 0.18352751 0.15747968]\n",
      "[0.28387382 0.3604534  0.35567277]\n",
      "[0.24602398 0.37672728 0.37724874]\n",
      "[0.65899281 0.16696853 0.17403867]\n",
      "[0.26810552 0.3604534  0.37144108]\n",
      "[0.26166495 0.36108631 0.37724874]\n",
      "\n",
      "Pre-adjustment group rates are \n",
      "\n",
      "0\n",
      "      fpr     tpr\n",
      "1  0.4286  0.5714\n",
      "2  0.1176  0.5000\n",
      "3  0.3103  0.3077\n",
      "\n",
      "1\n",
      "      fpr     tpr\n",
      "1  0.2500  0.5435\n",
      "2  0.0941  0.3333\n",
      "3  0.4030  0.6154\n",
      "\n",
      "\n",
      "And loss is 0.4865\n",
      "\n",
      "\n",
      "Pre-adjustment group rates are \n",
      "\n",
      "0\n",
      "      fpr     tpr\n",
      "1  0.4118  0.5714\n",
      "2  0.1000  0.5000\n",
      "3  0.3103  0.3333\n",
      "\n",
      "1\n",
      "      fpr     tpr\n",
      "1  0.2222  0.5610\n",
      "2  0.1053  0.2632\n",
      "3  0.4000  0.6571\n",
      "\n",
      "\n",
      "And loss is 0.4737\n",
      "\n",
      "[0.06751779 0.13030864 0.80217357]\n",
      "[0.02953904 0.29214131 0.67831966]\n",
      "[0.06564229 0.13618921 0.79816849]\n",
      "[0.06751779 0.11636485 0.81611736]\n",
      "[0.04366888 0.29214131 0.66418981]\n",
      "[0.05135793 0.15047358 0.79816849]\n",
      "\n",
      "Pre-adjustment group rates are \n",
      "\n",
      "0\n",
      "      fpr     tpr\n",
      "1  0.5000  0.6111\n",
      "2  0.0667  0.5000\n",
      "3  0.2917  0.3333\n",
      "\n",
      "1\n",
      "      fpr     tpr\n",
      "1  0.2545  0.5000\n",
      "2  0.0897  0.2632\n",
      "3  0.4426  0.6389\n",
      "\n",
      "\n",
      "And loss is 0.4962\n",
      "\n",
      "[0.44254612 0.27090471 0.28654916]\n",
      "[0.24138879 0.45343475 0.30517645]\n",
      "[0.42243039 0.28149681 0.2960728 ]\n",
      "[0.44254612 0.24157006 0.31588382]\n",
      "[0.30991026 0.45343475 0.23665498]\n",
      "[0.3896189  0.31430829 0.2960728 ]\n",
      "\n",
      "Pre-adjustment group rates are \n",
      "\n",
      "0\n",
      "      fpr     tpr\n",
      "1  0.4286  0.5556\n",
      "2  0.0968  0.5000\n",
      "3  0.3462  0.3077\n",
      "\n",
      "1\n",
      "      fpr     tpr\n",
      "1  0.2222  0.5500\n",
      "2  0.0921  0.3889\n",
      "3  0.4138  0.6111\n",
      "\n",
      "\n",
      "And loss is 0.4812\n",
      "\n",
      "[0.24107922 0.19383721 0.56508357]\n",
      "[0.24528195 0.41896603 0.33575202]\n",
      "[0.21211736 0.22303586 0.56484678]\n",
      "[0.24107922 0.22388186 0.53503892]\n",
      "[0.17655597 0.41896603 0.404478  ]\n",
      "[0.24884925 0.18630397 0.56484678]\n",
      "\n",
      "Pre-adjustment group rates are \n",
      "\n",
      "0\n",
      "      fpr     tpr\n",
      "1  0.4500  0.6316\n",
      "2  0.1290  0.5000\n",
      "3  0.2593  0.2500\n",
      "\n",
      "1\n",
      "      fpr     tpr\n",
      "1  0.2727  0.5385\n",
      "2  0.0811  0.3500\n",
      "3  0.4068  0.6000\n",
      "\n",
      "\n",
      "And loss is 0.4887\n",
      "\n",
      "[0.50920317 0.07604817 0.41474866]\n",
      "[0.40217035 0.36122881 0.23660084]\n",
      "[0.48554976 0.1204096  0.39404063]\n",
      "[0.50920317 0.08652035 0.40427647]\n",
      "[0.35931616 0.36122881 0.27945502]\n",
      "[0.50527333 0.10068604 0.39404063]\n",
      "\n",
      "Pre-adjustment group rates are \n",
      "\n",
      "0\n",
      "      fpr     tpr\n",
      "1  0.4286  0.5789\n",
      "2  0.1250  0.5000\n",
      "3  0.2963  0.3077\n",
      "\n",
      "1\n",
      "      fpr     tpr\n",
      "1  0.2364  0.5526\n",
      "2  0.0685  0.3500\n",
      "3  0.4138  0.6571\n",
      "\n",
      "\n",
      "And loss is 0.4737\n",
      "\n",
      "[0.55369487 0.07809705 0.36820808]\n",
      "[0.38061353 0.37096097 0.24842549]\n",
      "[0.53239255 0.11414184 0.35346561]\n",
      "[0.55369487 0.0710184  0.37528673]\n",
      "[0.37720468 0.37096097 0.25183435]\n",
      "[0.53021043 0.11632396 0.35346561]\n",
      "\n",
      "Pre-adjustment group rates are \n",
      "\n",
      "0\n",
      "     fpr     tpr\n",
      "1  0.400  0.5000\n",
      "2  0.129  0.5714\n",
      "3  0.360  0.3077\n",
      "\n",
      "1\n",
      "      fpr     tpr\n",
      "1  0.2453  0.5952\n",
      "2  0.1039  0.3333\n",
      "3  0.3500  0.6286\n",
      "\n",
      "\n",
      "And loss is 0.4737\n",
      "\n",
      "[0.45135537 0.0928394  0.45580524]\n",
      "[0.30356185 0.33337853 0.36305962]\n",
      "[0.3749639  0.11941954 0.50561656]\n",
      "[0.45135537 0.09535915 0.45328548]\n",
      "[0.29149937 0.33337853 0.3751221 ]\n",
      "[0.38004543 0.11433801 0.50561656]\n",
      "\n",
      "Pre-adjustment group rates are \n",
      "\n",
      "0\n",
      "      fpr     tpr\n",
      "1  0.4375  0.5714\n",
      "2  0.1250  0.4000\n",
      "3  0.3077  0.3636\n",
      "\n",
      "1\n",
      "      fpr     tpr\n",
      "1  0.2778  0.5238\n",
      "2  0.1053  0.3000\n",
      "3  0.4194  0.5588\n",
      "\n",
      "\n",
      "And loss is 0.5113\n",
      "\n",
      "[0.5827236 0.1128083 0.3044681]\n",
      "[0.40677702 0.3346649  0.25855808]\n",
      "[0.46686731 0.18374085 0.34939184]\n",
      "[0.5827236  0.12164945 0.29562694]\n",
      "[0.36967    0.3346649  0.29566509]\n",
      "[0.49421797 0.15639019 0.34939184]\n",
      "\n",
      "Pre-adjustment group rates are \n",
      "\n",
      "0\n",
      "      fpr     tpr\n",
      "1  0.4444  0.5294\n",
      "2  0.1429  0.4286\n",
      "3  0.3333  0.2727\n",
      "\n",
      "1\n",
      "      fpr     tpr\n",
      "1  0.2593  0.5455\n",
      "2  0.0988  0.3529\n",
      "3  0.3934  0.5946\n",
      "\n",
      "\n",
      "And loss is 0.4962\n",
      "\n",
      "[0.22002908 0.23048104 0.54948988]\n",
      "[0.23312448 0.40801952 0.358856  ]\n",
      "[0.18502403 0.23849161 0.57648436]\n",
      "[0.22002908 0.26115125 0.51881967]\n",
      "[0.16262031 0.40801952 0.42936017]\n",
      "[0.22261788 0.20089775 0.57648436]\n",
      "\n",
      "Pre-adjustment group rates are \n",
      "\n",
      "0\n",
      "      fpr     tpr\n",
      "1  0.3889  0.5556\n",
      "2  0.1379  0.5714\n",
      "3  0.3200  0.2727\n",
      "\n",
      "1\n",
      "      fpr     tpr\n",
      "1  0.2321  0.5476\n",
      "2  0.1026  0.3500\n",
      "3  0.4032  0.6111\n",
      "\n",
      "\n",
      "And loss is 0.4851\n",
      "\n",
      "[0.43197761 0.08906599 0.4789564 ]\n",
      "[0.31107996 0.35279501 0.33612503]\n",
      "[0.36957801 0.13164271 0.49877928]\n",
      "[0.43197761 0.09723453 0.47078786]\n",
      "[0.27507228 0.35279501 0.37213271]\n",
      "[0.38669349 0.11452723 0.49877928]\n",
      "\n",
      "Pre-adjustment group rates are \n",
      "\n",
      "0\n",
      "      fpr     tpr\n",
      "1  0.4000  0.6000\n",
      "2  0.1250  0.5000\n",
      "3  0.2857  0.3333\n",
      "\n",
      "1\n",
      "      fpr     tpr\n",
      "1  0.2800  0.5227\n",
      "2  0.0921  0.3889\n",
      "3  0.3871  0.5938\n",
      "\n",
      "\n",
      "And loss is 0.4851\n",
      "\n",
      "[0.0965712  0.07843812 0.82499068]\n",
      "[0.13906329 0.39219059 0.46874612]\n",
      "[0.09844423 0.1307302  0.77082557]\n",
      "[0.0965712  0.09773584 0.80569296]\n",
      "[0.08623641 0.39219059 0.521573  ]\n",
      "[0.13069804 0.09847639 0.77082557]\n",
      "\n",
      "Pre-adjustment group rates are \n",
      "\n",
      "0\n",
      "      fpr     tpr\n",
      "1  0.3793  0.6667\n",
      "2  0.1333  0.4000\n",
      "3  0.2439  0.3333\n",
      "\n",
      "1\n",
      "      fpr     tpr\n",
      "1  0.4375  0.6400\n",
      "2  0.0706  0.1538\n",
      "3  0.3016  0.5143\n",
      "\n",
      "\n",
      "And loss is 0.4797\n",
      "\n",
      "\n",
      "Pre-adjustment group rates are \n",
      "\n",
      "0\n",
      "      fpr     tpr\n",
      "1  0.4000  0.6667\n",
      "2  0.1034  0.3529\n",
      "3  0.2632  0.3750\n",
      "\n",
      "1\n",
      "      fpr     tpr\n",
      "1  0.4318  0.6279\n",
      "2  0.0667  0.1667\n",
      "3  0.3273  0.5000\n",
      "\n",
      "\n",
      "And loss is 0.4887\n",
      "\n",
      "[0.55579134 0.2000461  0.24416256]\n",
      "[0.36041718 0.30744539 0.33213743]\n",
      "[0.42856194 0.19012529 0.38131277]\n",
      "[0.55579134 0.17191386 0.27229479]\n",
      "[0.36881216 0.30744539 0.32374245]\n",
      "[0.38725276 0.23143447 0.38131277]\n",
      "\n",
      "Pre-adjustment group rates are \n",
      "\n",
      "0\n",
      "      fpr     tpr\n",
      "1  0.3704  0.7059\n",
      "2  0.1538  0.4444\n",
      "3  0.2000  0.3333\n",
      "\n",
      "1\n",
      "      fpr     tpr\n",
      "1  0.4286  0.6170\n",
      "2  0.0769  0.1818\n",
      "3  0.3103  0.5161\n",
      "\n",
      "\n",
      "And loss is 0.4737\n",
      "\n",
      "[0.56918802 0.06540518 0.3654068 ]\n",
      "[0.48650191 0.18181818 0.33167991]\n",
      "[0.44131809 0.0986791  0.46000281]\n",
      "[0.56918802 0.08510638 0.3457056 ]\n",
      "[0.46005397 0.18181818 0.35812784]\n",
      "[0.47548106 0.06451613 0.46000281]\n",
      "\n",
      "Pre-adjustment group rates are \n",
      "\n",
      "0\n",
      "      fpr     tpr\n",
      "1  0.3462  0.6471\n",
      "2  0.1250  0.4211\n",
      "3  0.2778  0.2857\n",
      "\n",
      "1\n",
      "      fpr     tpr\n",
      "1  0.4091  0.6304\n",
      "2  0.0779  0.1538\n",
      "3  0.3051  0.5484\n",
      "\n",
      "\n",
      "And loss is 0.4812\n",
      "\n",
      "[0.63812936 0.34648096 0.01538968]\n",
      "[0.45125162 0.43859171 0.11015667]\n",
      "[0.51059381 0.41465696 0.07474923]\n",
      "[0.63812936 0.2961826  0.06568804]\n",
      "[0.49700212 0.43859171 0.06440617]\n",
      "[0.45474259 0.47050818 0.07474923]\n",
      "\n",
      "Pre-adjustment group rates are \n",
      "\n",
      "0\n",
      "      fpr     tpr\n",
      "1  0.3704  0.7222\n",
      "2  0.1111  0.3889\n",
      "3  0.2500  0.3333\n",
      "\n",
      "1\n",
      "      fpr     tpr\n",
      "1  0.4419  0.6444\n",
      "2  0.0779  0.1818\n",
      "3  0.2857  0.5000\n",
      "\n",
      "\n",
      "And loss is 0.4737\n",
      "\n",
      "[0.56280138 0.28885564 0.14834297]\n",
      "[0.37565576 0.41700834 0.2073359 ]\n",
      "[0.40633527 0.36162541 0.23203932]\n",
      "[0.56280138 0.26136167 0.17583695]\n",
      "[0.39696022 0.41700834 0.18603144]\n",
      "[0.38207422 0.38588646 0.23203932]\n",
      "\n",
      "Pre-adjustment group rates are \n",
      "\n",
      "0\n",
      "      fpr     tpr\n",
      "1  0.4231  0.6667\n",
      "2  0.1379  0.4444\n",
      "3  0.2051  0.2500\n",
      "\n",
      "1\n",
      "      fpr     tpr\n",
      "1  0.4545  0.6190\n",
      "2  0.0800  0.0909\n",
      "3  0.3019  0.5152\n",
      "\n",
      "\n",
      "And loss is 0.4887\n",
      "\n",
      "[0.30728076 0.32994624 0.362773  ]\n",
      "[0.21598023 0.33700889 0.44701087]\n",
      "[0.24732816 0.37250332 0.38016851]\n",
      "[0.30728076 0.28860223 0.40411702]\n",
      "[0.27075088 0.33700889 0.39224022]\n",
      "[0.21058404 0.40924745 0.38016851]\n",
      "\n",
      "Pre-adjustment group rates are \n",
      "\n",
      "0\n",
      "      fpr     tpr\n",
      "1  0.4000  0.6111\n",
      "2  0.1481  0.3750\n",
      "3  0.2647  0.3333\n",
      "\n",
      "1\n",
      "      fpr     tpr\n",
      "1  0.4318  0.6304\n",
      "2  0.0769  0.1667\n",
      "3  0.3103  0.5000\n",
      "\n",
      "\n",
      "And loss is 0.4962\n",
      "\n",
      "[0.46939735 0.21695056 0.31365208]\n",
      "[0.30574961 0.3231746  0.37107579]\n",
      "[0.34954268 0.24537538 0.40508195]\n",
      "[0.46939735 0.19668847 0.33391417]\n",
      "[0.31023388 0.3231746  0.36659151]\n",
      "[0.32574558 0.26917248 0.40508195]\n",
      "\n",
      "Pre-adjustment group rates are \n",
      "\n",
      "0\n",
      "      fpr     tpr\n",
      "1  0.3333  0.6667\n",
      "2  0.1071  0.4118\n",
      "3  0.2632  0.4286\n",
      "\n",
      "1\n",
      "      fpr     tpr\n",
      "1  0.4667  0.6512\n",
      "2  0.0526  0.1667\n",
      "3  0.2909  0.5152\n",
      "\n",
      "\n",
      "And loss is 0.4662\n",
      "\n",
      "[0.5965669  0.04900071 0.3544324 ]\n",
      "[0.52348104 0.16666667 0.30985229]\n",
      "[0.48497675 0.0635242  0.45149905]\n",
      "[0.5965669  0.06976744 0.33366566]\n",
      "[0.49589557 0.16666667 0.33743776]\n",
      "[0.51819791 0.03030303 0.45149905]\n",
      "\n",
      "Pre-adjustment group rates are \n",
      "\n",
      "0\n",
      "      fpr     tpr\n",
      "1  0.3846  0.6842\n",
      "2  0.1481  0.3333\n",
      "3  0.2432  0.3750\n",
      "\n",
      "1\n",
      "      fpr     tpr\n",
      "1  0.4186  0.6444\n",
      "2  0.0800  0.1538\n",
      "3  0.2931  0.5333\n",
      "\n",
      "\n",
      "And loss is 0.4812\n",
      "\n",
      "[0.60666241 0.35777681 0.03556079]\n",
      "[0.40318418 0.49756281 0.09925301]\n",
      "[0.37354032 0.54629586 0.08016382]\n",
      "[0.60666241 0.32719911 0.06613849]\n",
      "[0.43447971 0.49756281 0.06795748]\n",
      "[0.37654908 0.5432871  0.08016382]\n",
      "\n",
      "Pre-adjustment group rates are \n",
      "\n",
      "0\n",
      "      fpr     tpr\n",
      "1  0.3704  0.6667\n",
      "2  0.1600  0.4000\n",
      "3  0.2368  0.2857\n",
      "\n",
      "1\n",
      "      fpr     tpr\n",
      "1  0.4651  0.6739\n",
      "2  0.0390  0.0833\n",
      "3  0.3103  0.5161\n",
      "\n",
      "\n",
      "And loss is 0.4776\n",
      "\n",
      "[0.61017512 0.3335662  0.05625868]\n",
      "[0.41127085 0.44044433 0.14828482]\n",
      "[0.44928402 0.43423077 0.11648521]\n",
      "[0.61017512 0.28569268 0.1041322 ]\n",
      "[0.45271058 0.44044433 0.10684509]\n",
      "[0.40889987 0.47461491 0.11648521]\n",
      "\n",
      "Pre-adjustment group rates are \n",
      "\n",
      "0\n",
      "      fpr     tpr\n",
      "1  0.3929  0.6316\n",
      "2  0.1429  0.4211\n",
      "3  0.2368  0.3333\n",
      "\n",
      "1\n",
      "      fpr     tpr\n",
      "1  0.4250  0.6596\n",
      "2  0.0779  0.2000\n",
      "3  0.2807  0.5000\n",
      "\n",
      "\n",
      "And loss is 0.4701\n",
      "\n",
      "[0.50014034 0.20007122 0.29978844]\n",
      "[0.3055204 0.3374311 0.3570485]\n",
      "[0.35762358 0.23171194 0.41066449]\n",
      "[0.50014034 0.17800279 0.32185687]\n",
      "[0.30331092 0.3374311  0.35925798]\n",
      "[0.32858683 0.26074869 0.41066449]\n",
      "\n",
      "Pre-adjustment group rates are \n",
      "\n",
      "0\n",
      "      fpr     tpr\n",
      "1  0.2917  0.6667\n",
      "2  0.1500  0.7857\n",
      "3  0.1818  0.2000\n",
      "\n",
      "1\n",
      "      fpr     tpr\n",
      "1  0.3214  0.6757\n",
      "2  0.0588  0.2800\n",
      "3  0.3548  0.5484\n",
      "\n",
      "\n",
      "And loss is 0.4422\n",
      "\n",
      "\n",
      "Pre-adjustment group rates are \n",
      "\n",
      "0\n",
      "      fpr     tpr\n",
      "1  0.2273  0.6897\n",
      "2  0.1538  0.9167\n",
      "3  0.1707  0.2000\n",
      "\n",
      "1\n",
      "      fpr     tpr\n",
      "1  0.3077  0.6207\n",
      "2  0.0517  0.2609\n",
      "3  0.4231  0.5517\n",
      "\n",
      "\n",
      "And loss is 0.4470\n",
      "\n",
      "[0.32039669 0.02865107 0.65095224]\n",
      "[0.26063986 0.26086957 0.47849057]\n",
      "[0.27378578 0.11863603 0.60757819]\n",
      "[3.20396689e-01 4.11819411e-12 6.79603311e-01]\n",
      "[0.23842443 0.26086957 0.500706  ]\n",
      "[0.28897353 0.10344828 0.60757819]\n",
      "\n",
      "Pre-adjustment group rates are \n",
      "\n",
      "0\n",
      "      fpr     tpr\n",
      "1  0.3333  0.6667\n",
      "2  0.0606  0.7500\n",
      "3  0.2051  0.3333\n",
      "\n",
      "1\n",
      "      fpr     tpr\n",
      "1  0.2885  0.6571\n",
      "2  0.0625  0.2609\n",
      "3  0.3793  0.5862\n",
      "\n",
      "\n",
      "And loss is 0.4318\n",
      "\n",
      "[0.45353445 0.23556745 0.3108981 ]\n",
      "[0.35404634 0.35026717 0.29568649]\n",
      "[0.37486233 0.22609623 0.39904144]\n",
      "[0.45353445 0.25376825 0.2926973 ]\n",
      "[0.32294085 0.35026717 0.32679198]\n",
      "[0.39115796 0.2098006  0.39904144]\n",
      "\n",
      "Pre-adjustment group rates are \n",
      "\n",
      "0\n",
      "      fpr     tpr\n",
      "1  0.2727  0.6552\n",
      "2  0.1622  0.7857\n",
      "3  0.1860  0.1250\n",
      "\n",
      "1\n",
      "      fpr     tpr\n",
      "1  0.3469  0.6562\n",
      "2  0.0667  0.3333\n",
      "3  0.3396  0.5000\n",
      "\n",
      "\n",
      "And loss is 0.4470\n",
      "\n",
      "[7.46118448e-10 7.01701712e-01 2.98298287e-01]\n",
      "[3.72558698e-10 7.44387373e-01 2.55612626e-01]\n",
      "[5.04839526e-10 7.12337419e-01 2.87662580e-01]\n",
      "[7.46118448e-10 6.96707242e-01 3.03292757e-01]\n",
      "[3.57550999e-10 7.44387373e-01 2.55612626e-01]\n",
      "[4.67993181e-10 7.12337419e-01 2.87662580e-01]\n",
      "\n",
