{
 "cells": [
  {
   "cell_type": "markdown",
   "metadata": {},
   "source": [
    "# Testing DEMV on _Contraceptive Method Choice_ dataset"
   ]
  },
  {
   "cell_type": "markdown",
   "metadata": {},
   "source": [
    "Source: [https://archive.ics.uci.edu/ml/datasets/Contraceptive+Method+Choice](https://archive.ics.uci.edu/ml/datasets/Contraceptive+Method+Choice)\n",
    "\n",
    "- Label: `contr_use`\n",
    "- Unprivileged group: `wife_religion=1 (islam) & wife_work=1 (non-work)`\n",
    "- Positive label: `2 (long-term)`"
   ]
  },
  {
   "cell_type": "code",
   "execution_count": 1,
   "metadata": {},
   "outputs": [],
   "source": [
    "import pandas as pd\n",
    "import numpy as np\n",
    "\n",
    "from sklearn.linear_model import LogisticRegression\n",
    "from sklearn.preprocessing import StandardScaler\n",
    "from sklearn.pipeline import Pipeline\n",
    "\n",
    "from fairlearn.reductions import ExponentiatedGradient, BoundedGroupLoss, ZeroOneLoss\n",
    "\n",
    "import matplotlib.pyplot as plt\n",
    "import seaborn as sns\n",
    "\n",
    "from utils import *\n",
    "from demv import DEMV\n",
    "\n",
    "import warnings\n",
    "warnings.filterwarnings('ignore')\n",
    "\n",
    "sns.set_style('whitegrid')\n",
    "%load_ext autoreload\n",
    "%autoreload 2"
   ]
  },
  {
   "cell_type": "code",
   "execution_count": 2,
   "metadata": {},
   "outputs": [
    {
     "data": {
      "text/html": [
       "<div>\n",
       "<style scoped>\n",
       "    .dataframe tbody tr th:only-of-type {\n",
       "        vertical-align: middle;\n",
       "    }\n",
       "\n",
       "    .dataframe tbody tr th {\n",
       "        vertical-align: top;\n",
       "    }\n",
       "\n",
       "    .dataframe thead th {\n",
       "        text-align: right;\n",
       "    }\n",
       "</style>\n",
       "<table border=\"1\" class=\"dataframe\">\n",
       "  <thead>\n",
       "    <tr style=\"text-align: right;\">\n",
       "      <th></th>\n",
       "      <th>wife_age</th>\n",
       "      <th>wife_edu</th>\n",
       "      <th>hus_edu</th>\n",
       "      <th>num_child</th>\n",
       "      <th>wife_religion</th>\n",
       "      <th>wife_work</th>\n",
       "      <th>hus_occ</th>\n",
       "      <th>living</th>\n",
       "      <th>media</th>\n",
       "      <th>contr_use</th>\n",
       "    </tr>\n",
       "  </thead>\n",
       "  <tbody>\n",
       "    <tr>\n",
       "      <th>0</th>\n",
       "      <td>24</td>\n",
       "      <td>2</td>\n",
       "      <td>3</td>\n",
       "      <td>3</td>\n",
       "      <td>1</td>\n",
       "      <td>1</td>\n",
       "      <td>2</td>\n",
       "      <td>3</td>\n",
       "      <td>0</td>\n",
       "      <td>1</td>\n",
       "    </tr>\n",
       "    <tr>\n",
       "      <th>1</th>\n",
       "      <td>45</td>\n",
       "      <td>1</td>\n",
       "      <td>3</td>\n",
       "      <td>10</td>\n",
       "      <td>1</td>\n",
       "      <td>1</td>\n",
       "      <td>3</td>\n",
       "      <td>4</td>\n",
       "      <td>0</td>\n",
       "      <td>1</td>\n",
       "    </tr>\n",
       "    <tr>\n",
       "      <th>2</th>\n",
       "      <td>43</td>\n",
       "      <td>2</td>\n",
       "      <td>3</td>\n",
       "      <td>7</td>\n",
       "      <td>1</td>\n",
       "      <td>1</td>\n",
       "      <td>3</td>\n",
       "      <td>4</td>\n",
       "      <td>0</td>\n",
       "      <td>1</td>\n",
       "    </tr>\n",
       "    <tr>\n",
       "      <th>3</th>\n",
       "      <td>42</td>\n",
       "      <td>3</td>\n",
       "      <td>2</td>\n",
       "      <td>9</td>\n",
       "      <td>1</td>\n",
       "      <td>1</td>\n",
       "      <td>3</td>\n",
       "      <td>3</td>\n",
       "      <td>0</td>\n",
       "      <td>1</td>\n",
       "    </tr>\n",
       "    <tr>\n",
       "      <th>4</th>\n",
       "      <td>36</td>\n",
       "      <td>3</td>\n",
       "      <td>3</td>\n",
       "      <td>8</td>\n",
       "      <td>1</td>\n",
       "      <td>1</td>\n",
       "      <td>3</td>\n",
       "      <td>2</td>\n",
       "      <td>0</td>\n",
       "      <td>1</td>\n",
       "    </tr>\n",
       "    <tr>\n",
       "      <th>...</th>\n",
       "      <td>...</td>\n",
       "      <td>...</td>\n",
       "      <td>...</td>\n",
       "      <td>...</td>\n",
       "      <td>...</td>\n",
       "      <td>...</td>\n",
       "      <td>...</td>\n",
       "      <td>...</td>\n",
       "      <td>...</td>\n",
       "      <td>...</td>\n",
       "    </tr>\n",
       "    <tr>\n",
       "      <th>1468</th>\n",
       "      <td>33</td>\n",
       "      <td>4</td>\n",
       "      <td>4</td>\n",
       "      <td>2</td>\n",
       "      <td>1</td>\n",
       "      <td>0</td>\n",
       "      <td>2</td>\n",
       "      <td>4</td>\n",
       "      <td>0</td>\n",
       "      <td>3</td>\n",
       "    </tr>\n",
       "    <tr>\n",
       "      <th>1469</th>\n",
       "      <td>33</td>\n",
       "      <td>4</td>\n",
       "      <td>4</td>\n",
       "      <td>3</td>\n",
       "      <td>1</td>\n",
       "      <td>1</td>\n",
       "      <td>1</td>\n",
       "      <td>4</td>\n",
       "      <td>0</td>\n",
       "      <td>3</td>\n",
       "    </tr>\n",
       "    <tr>\n",
       "      <th>1470</th>\n",
       "      <td>39</td>\n",
       "      <td>3</td>\n",
       "      <td>3</td>\n",
       "      <td>8</td>\n",
       "      <td>1</td>\n",
       "      <td>0</td>\n",
       "      <td>1</td>\n",
       "      <td>4</td>\n",
       "      <td>0</td>\n",
       "      <td>3</td>\n",
       "    </tr>\n",
       "    <tr>\n",
       "      <th>1471</th>\n",
       "      <td>33</td>\n",
       "      <td>3</td>\n",
       "      <td>3</td>\n",
       "      <td>4</td>\n",
       "      <td>1</td>\n",
       "      <td>0</td>\n",
       "      <td>2</td>\n",
       "      <td>2</td>\n",
       "      <td>0</td>\n",
       "      <td>3</td>\n",
       "    </tr>\n",
       "    <tr>\n",
       "      <th>1472</th>\n",
       "      <td>17</td>\n",
       "      <td>3</td>\n",
       "      <td>3</td>\n",
       "      <td>1</td>\n",
       "      <td>1</td>\n",
       "      <td>1</td>\n",
       "      <td>2</td>\n",
       "      <td>4</td>\n",
       "      <td>0</td>\n",
       "      <td>3</td>\n",
       "    </tr>\n",
       "  </tbody>\n",
       "</table>\n",
       "<p>1473 rows × 10 columns</p>\n",
       "</div>"
      ],
      "text/plain": [
       "      wife_age  wife_edu  hus_edu  num_child  wife_religion  wife_work  \\\n",
       "0           24         2        3          3              1          1   \n",
       "1           45         1        3         10              1          1   \n",
       "2           43         2        3          7              1          1   \n",
       "3           42         3        2          9              1          1   \n",
       "4           36         3        3          8              1          1   \n",
       "...        ...       ...      ...        ...            ...        ...   \n",
       "1468        33         4        4          2              1          0   \n",
       "1469        33         4        4          3              1          1   \n",
       "1470        39         3        3          8              1          0   \n",
       "1471        33         3        3          4              1          0   \n",
       "1472        17         3        3          1              1          1   \n",
       "\n",
       "      hus_occ  living  media  contr_use  \n",
       "0           2       3      0          1  \n",
       "1           3       4      0          1  \n",
       "2           3       4      0          1  \n",
       "3           3       3      0          1  \n",
       "4           3       2      0          1  \n",
       "...       ...     ...    ...        ...  \n",
       "1468        2       4      0          3  \n",
       "1469        1       4      0          3  \n",
       "1470        1       4      0          3  \n",
       "1471        2       2      0          3  \n",
       "1472        2       4      0          3  \n",
       "\n",
       "[1473 rows x 10 columns]"
      ]
     },
     "execution_count": 2,
     "metadata": {},
     "output_type": "execute_result"
    }
   ],
   "source": [
    "data = pd.read_csv('data2/cmc.data', names=['wife_age', 'wife_edu', 'hus_edu', 'num_child', 'wife_religion', 'wife_work', 'hus_occ', 'living', 'media', 'contr_use'])\n",
    "data"
   ]
  },
  {
   "cell_type": "code",
   "execution_count": 3,
   "metadata": {},
   "outputs": [],
   "source": [
    "label = 'contr_use'\n",
    "sensitive_features = ['wife_religion', 'wife_work']\n",
    "unpriv_group = {'wife_religion': 1, 'wife_work': 1}\n",
    "positive_label= 2"
   ]
  },
  {
   "cell_type": "code",
   "execution_count": 4,
   "metadata": {},
   "outputs": [],
   "source": [
    "pipeline = Pipeline([\n",
    "  ('scaler', StandardScaler()),\n",
    "  ('classifier', LogisticRegression())\n",
    "])"
   ]
  },
  {
   "cell_type": "markdown",
   "metadata": {},
   "source": [
    "## Biased dataset"
   ]
  },
  {
   "cell_type": "code",
   "execution_count": 5,
   "metadata": {},
   "outputs": [],
   "source": [
    "model, bias_metrics, pred = cross_val2(pipeline, data, label, unpriv_group, sensitive_features, positive_label=positive_label)"
   ]
  },
  {
   "cell_type": "code",
   "execution_count": 6,
   "metadata": {},
   "outputs": [
    {
     "name": "stdout",
     "output_type": "stream",
     "text": [
      "Statistical parity:  -0.126  +-  0.032\n",
      "Disparate impact:  0.494  +-  0.121\n",
      "Zero one loss:  0.33  +-  0.147\n",
      "F1 score:  0.517  +-  0.039\n",
      "Accuracy score:  0.521  +-  0.038\n"
     ]
    }
   ],
   "source": [
    "print_metrics(bias_metrics)"
   ]
  },
  {
   "cell_type": "markdown",
   "metadata": {},
   "source": [
    "## DEMV dataset"
   ]
  },
  {
   "cell_type": "code",
   "execution_count": 7,
   "metadata": {},
   "outputs": [],
   "source": [
    "demv = DEMV(round_level=1)\n",
    "demv_data = data.copy()"
   ]
  },
  {
   "cell_type": "code",
   "execution_count": 8,
   "metadata": {},
   "outputs": [],
   "source": [
    "model, demv_metrics = cross_val(pipeline, demv_data, label, unpriv_group, sensitive_features, debiaser=demv, positive_label=positive_label)"
   ]
  },
  {
   "cell_type": "code",
   "execution_count": 9,
   "metadata": {},
   "outputs": [
    {
     "name": "stdout",
     "output_type": "stream",
     "text": [
      "Statistical parity:  0.012  +-  0.064\n",
      "Disparate impact:  0.666  +-  0.174\n",
      "Zero one loss:  0.223  +-  0.116\n",
      "F1 score:  0.504  +-  0.039\n",
      "Accuracy score:  0.512  +-  0.037\n"
     ]
    }
   ],
   "source": [
    "print_metrics(demv_metrics)"
   ]
  },
  {
   "cell_type": "markdown",
   "metadata": {},
   "source": [
    "## DEMV Evaluation"
   ]
  },
  {
   "cell_type": "code",
   "execution_count": 10,
   "metadata": {},
   "outputs": [],
   "source": [
    "eval_data = data.copy()"
   ]
  },
  {
   "cell_type": "code",
   "execution_count": 11,
   "metadata": {},
   "outputs": [
    {
     "data": {
      "text/plain": [
       "15"
      ]
     },
     "execution_count": 11,
     "metadata": {},
     "output_type": "execute_result"
    }
   ],
   "source": [
    "demv.get_iters()"
   ]
  },
  {
   "cell_type": "code",
   "execution_count": 12,
   "metadata": {},
   "outputs": [],
   "source": [
    "metrics = eval_demv(3, demv.get_iters(), eval_data, pipeline, label, unpriv_group, sensitive_features, positive_label)"
   ]
  },
  {
   "cell_type": "markdown",
   "metadata": {},
   "source": [
    "Execution time: ~6min"
   ]
  },
  {
   "cell_type": "markdown",
   "metadata": {},
   "source": [
    "## Blackbox PostProcessing"
   ]
  },
  {
   "cell_type": "code",
   "execution_count": 13,
   "metadata": {},
   "outputs": [],
   "source": [
    "sensitive_features = ['combined']\n",
    "unpriv_group = {'combined': 1}"
   ]
  },
  {
   "cell_type": "code",
   "execution_count": 14,
   "metadata": {},
   "outputs": [],
   "source": [
    "data.loc[:,\"combined\"] = 0\n",
    "data.loc[(data['wife_religion'] == 1) & (data[\"wife_work\"] == 1),\"combined\"] = 1"
   ]
  },
  {
   "cell_type": "code",
   "execution_count": 15,
   "metadata": {},
   "outputs": [],
   "source": [
    "#Now pred contains the actual values on column \"y_true\" and predicted values on column \"contr_use\"\n",
    "\n",
    "pred.loc[:,\"combined\"] = 0\n",
    "pred.loc[(pred['wife_religion'] == 1) & (pred[\"wife_work\"] == 1),\"combined\"] = 1"
   ]
  },
  {
   "cell_type": "code",
   "execution_count": 16,
   "metadata": {},
   "outputs": [],
   "source": [
    "y_pred = pred[label].values\n",
    "y_true = pred['y_true'].values"
   ]
  },
  {
   "cell_type": "code",
   "execution_count": 17,
   "metadata": {},
   "outputs": [
    {
     "data": {
      "text/html": [
       "<div>\n",
       "<style scoped>\n",
       "    .dataframe tbody tr th:only-of-type {\n",
       "        vertical-align: middle;\n",
       "    }\n",
       "\n",
       "    .dataframe tbody tr th {\n",
       "        vertical-align: top;\n",
       "    }\n",
       "\n",
       "    .dataframe thead th {\n",
       "        text-align: right;\n",
       "    }\n",
       "</style>\n",
       "<table border=\"1\" class=\"dataframe\">\n",
       "  <thead>\n",
       "    <tr style=\"text-align: right;\">\n",
       "      <th></th>\n",
       "      <th>tp</th>\n",
       "      <th>fp</th>\n",
       "      <th>tn</th>\n",
       "      <th>fn</th>\n",
       "      <th>sens</th>\n",
       "      <th>spec</th>\n",
       "      <th>ppv</th>\n",
       "      <th>npv</th>\n",
       "      <th>j</th>\n",
       "      <th>f1</th>\n",
       "      <th>mcc</th>\n",
       "      <th>brier</th>\n",
       "      <th>auc</th>\n",
       "      <th>ap</th>\n",
       "      <th>true_prev</th>\n",
       "      <th>pred_prev</th>\n",
       "      <th>prev_diff</th>\n",
       "      <th>rel_prev_diff</th>\n",
       "    </tr>\n",
       "  </thead>\n",
       "  <tbody>\n",
       "    <tr>\n",
       "      <th>0</th>\n",
       "      <td>285.0</td>\n",
       "      <td>252.0</td>\n",
       "      <td>699.0</td>\n",
       "      <td>237.0</td>\n",
       "      <td>0.5214</td>\n",
       "      <td>0.7244</td>\n",
       "      <td>0.5173</td>\n",
       "      <td>0.7394</td>\n",
       "      <td>0.2458</td>\n",
       "      <td>0.5165</td>\n",
       "      <td>0.2508</td>\n",
       "      <td>0.3319</td>\n",
       "      <td>0.0</td>\n",
       "      <td>0.0</td>\n",
       "      <td>521.0</td>\n",
       "      <td>537.0</td>\n",
       "      <td>16.0</td>\n",
       "      <td>-0.0</td>\n",
       "    </tr>\n",
       "  </tbody>\n",
       "</table>\n",
       "</div>"
      ],
      "text/plain": [
       "      tp     fp     tn     fn    sens    spec     ppv     npv       j      f1  \\\n",
       "0  285.0  252.0  699.0  237.0  0.5214  0.7244  0.5173  0.7394  0.2458  0.5165   \n",
       "\n",
       "      mcc   brier  auc   ap  true_prev  pred_prev  prev_diff  rel_prev_diff  \n",
       "0  0.2508  0.3319  0.0  0.0      521.0      537.0       16.0           -0.0  "
      ]
     },
     "execution_count": 17,
     "metadata": {},
     "output_type": "execute_result"
    }
   ],
   "source": [
    "import tools\n",
    "stats = tools.clf_metrics(y_true, y_pred)\n",
    "stats"
   ]
  },
  {
   "cell_type": "code",
   "execution_count": 18,
   "metadata": {},
   "outputs": [
    {
     "name": "stdout",
     "output_type": "stream",
     "text": [
      "\n",
      "Pre-adjustment group rates are \n",
      "\n",
      "0\n",
      "      fpr     tpr\n",
      "1  0.1600  0.6400\n",
      "2  0.2188  0.6111\n",
      "3  0.2093  0.4286\n",
      "\n",
      "1\n",
      "      fpr     tpr\n",
      "1  0.2593  0.6364\n",
      "2  0.0506  0.2632\n",
      "3  0.3651  0.6857\n",
      "\n",
      "\n",
      "And loss is 0.4122\n",
      "\n",
      "\n",
      "Pre-adjustment group rates are \n",
      "\n",
      "0\n",
      "      fpr     tpr\n",
      "1  0.1250  0.6190\n",
      "2  0.2143  0.6471\n",
      "3  0.2368  0.4286\n",
      "\n",
      "1\n",
      "      fpr     tpr\n",
      "1  0.2553  0.6098\n",
      "2  0.0417  0.3125\n",
      "3  0.3860  0.6774\n",
      "\n",
      "\n",
      "And loss is 0.4135\n",
      "\n",
      "[0.60975609 0.10820776 0.28203615]\n",
      "[0.26367391 0.34073424 0.39559185]\n",
      "[0.23502901 0.22929215 0.53567884]\n",
      "[0.60975609 0.11162247 0.27862143]\n",
      "[0.1875     0.34073424 0.47176576]\n",
      "[0.29032258 0.17399858 0.53567884]\n",
      "\n",
      "Pre-adjustment group rates are \n",
      "\n",
      "0\n",
      "      fpr     tpr\n",
      "1  0.1739  0.6957\n",
      "2  0.2000  0.5625\n",
      "3  0.2051  0.4286\n",
      "\n",
      "1\n",
      "      fpr     tpr\n",
      "1  0.2708  0.6667\n",
      "2  0.0571  0.2941\n",
      "3  0.3214  0.6774\n",
      "\n",
      "\n",
      "And loss is 0.3985\n",
      "\n",
      "[0.65747311 0.14776304 0.19476385]\n",
      "[0.28796552 0.37211536 0.33991912]\n",
      "[0.2194023  0.28351647 0.49708124]\n",
      "[0.65747311 0.12461319 0.21791371]\n",
      "[0.29006166 0.37211536 0.33782297]\n",
      "[0.25450572 0.24841304 0.49708124]\n",
      "\n",
      "Pre-adjustment group rates are \n",
      "\n",
      "0\n",
      "      fpr     tpr\n",
      "1  0.1818  0.6957\n",
      "2  0.1724  0.6875\n",
      "3  0.1538  0.5000\n",
      "\n",
      "1\n",
      "      fpr     tpr\n",
      "1  0.1957  0.6429\n",
      "2  0.0548  0.2667\n",
      "3  0.3684  0.7419\n",
      "\n",
      "\n",
      "And loss is 0.3684\n",
      "\n",
      "[0.63830874 0.17559514 0.18609613]\n",
      "[0.20418835 0.42818337 0.36762828]\n",
      "[0.16781327 0.31357241 0.51861432]\n",
      "[0.63830874 0.14135642 0.22033484]\n",
      "[0.19858494 0.42818337 0.37323169]\n",
      "[0.19217897 0.2892067  0.51861432]\n",
      "\n",
      "Pre-adjustment group rates are \n",
      "\n",
      "0\n",
      "      fpr     tpr\n",
      "1  0.1818  0.6818\n",
      "2  0.1786  0.5625\n",
      "3  0.2105  0.5000\n",
      "\n",
      "1\n",
      "      fpr     tpr\n",
      "1  0.2653  0.6500\n",
      "2  0.0429  0.2632\n",
      "3  0.3559  0.7000\n",
      "\n",
      "\n",
      "And loss is 0.4060\n",
      "\n",
      "[0.65       0.13325142 0.21674858]\n",
      "[0.27805644 0.37598419 0.34595937]\n",
      "[0.23130529 0.23542691 0.53326781]\n",
      "[0.65       0.12145665 0.22854335]\n",
      "[0.2631579  0.37598419 0.36085792]\n",
      "[0.26666667 0.20006553 0.53326781]\n",
      "\n",
      "Pre-adjustment group rates are \n",
      "\n",
      "0\n",
      "      fpr     tpr\n",
      "1  0.1739  0.6364\n",
      "2  0.2414  0.5625\n",
      "3  0.2105  0.4286\n",
      "\n",
      "1\n",
      "      fpr     tpr\n",
      "1  0.2600  0.6579\n",
      "2  0.0563  0.1765\n",
      "3  0.3636  0.6970\n",
      "\n",
      "\n",
      "And loss is 0.4211\n",
      "\n",
      "[0.61168098 0.1866596  0.20165942]\n",
      "[0.26062197 0.35775354 0.38162449]\n",
      "[0.19856912 0.32609081 0.47534007]\n",
      "[0.61168098 0.15175413 0.23656489]\n",
      "[0.27345738 0.35775354 0.36878908]\n",
      "[0.22539517 0.29926476 0.47534007]\n",
      "\n",
      "Pre-adjustment group rates are \n",
      "\n",
      "0\n",
      "      fpr     tpr\n",
      "1  0.1667  0.6400\n",
      "2  0.2188  0.5882\n",
      "3  0.2143  0.4286\n",
      "\n",
      "1\n",
      "      fpr     tpr\n",
      "1  0.2708  0.6389\n",
      "2  0.0455  0.2778\n",
      "3  0.3889  0.6333\n",
      "\n",
      "\n",
      "And loss is 0.4286\n",
      "\n",
      "[0.59755098 0.06130289 0.34114613]\n",
      "[0.27108368 0.22537825 0.50353808]\n",
      "[0.21014417 0.16420415 0.62565167]\n",
      "[0.59755098 0.07552368 0.32692534]\n",
      "[0.20784382 0.22537825 0.56677793]\n",
      "[0.28058916 0.09375917 0.62565167]\n",
      "\n",
      "Pre-adjustment group rates are \n",
      "\n",
      "0\n",
      "      fpr     tpr\n",
      "1  0.1429  0.5714\n",
      "2  0.2917  0.6111\n",
      "3  0.2308  0.0000\n",
      "\n",
      "1\n",
      "      fpr     tpr\n",
      "1  0.2745  0.6250\n",
      "2  0.0405  0.1765\n",
      "3  0.4035  0.6765\n",
      "\n",
      "\n",
      "And loss is 0.4436\n",
      "\n",
      "[0.62499999 0.161216   0.21378401]\n",
      "[0.30814837 0.34452984 0.34732179]\n",
      "[0.07267839 0.46559341 0.4617282 ]\n",
      "[0.62499999 0.13610585 0.23889417]\n",
      "[0.29411764 0.34452984 0.36135251]\n",
      "[0.26470588 0.27356592 0.4617282 ]\n",
      "\n",
      "Pre-adjustment group rates are \n",
      "\n",
      "0\n",
      "      fpr     tpr\n",
      "1  0.1667  0.6000\n",
      "2  0.2593  0.6471\n",
      "3  0.1892  0.4286\n",
      "\n",
      "1\n",
      "      fpr     tpr\n",
      "1  0.2745  0.6316\n",
      "2  0.0563  0.2778\n",
      "3  0.3571  0.6667\n",
      "\n",
      "\n",
      "And loss is 0.4211\n",
      "\n",
      "[0.62543481 0.1384218  0.23614339]\n",
      "[0.29329715 0.38664329 0.32005956]\n",
      "[0.21972743 0.27425102 0.50602155]\n",
      "[0.62543481 0.12998339 0.2445818 ]\n",
      "[0.2750755  0.38664329 0.33828122]\n",
      "[0.27007412 0.22390433 0.50602155]\n",
      "\n",
      "Pre-adjustment group rates are \n",
      "\n",
      "0\n",
      "      fpr     tpr\n",
      "1  0.1500  0.6250\n",
      "2  0.2000  0.6429\n",
      "3  0.2105  0.5000\n",
      "\n",
      "1\n",
      "      fpr     tpr\n",
      "1  0.2857  0.6341\n",
      "2  0.0541  0.3125\n",
      "3  0.3333  0.6667\n",
      "\n",
      "\n",
      "And loss is 0.4030\n",
      "\n",
      "[0.63503481 0.11177348 0.25319171]\n",
      "[0.3063114  0.36615472 0.32753388]\n",
      "[0.24632746 0.19251068 0.56116186]\n",
      "[0.63503481 0.09807114 0.26689405]\n",
      "[0.31819174 0.36615472 0.31565355]\n",
      "[0.27383112 0.16500702 0.56116186]\n",
      "\n",
      "Pre-adjustment group rates are \n",
      "\n",
      "0\n",
      "      fpr     tpr\n",
      "1  0.1364  0.6250\n",
      "2  0.2258  0.6000\n",
      "3  0.2308  0.4286\n",
      "\n",
      "1\n",
      "      fpr     tpr\n",
      "1  0.2340  0.6098\n",
      "2  0.0571  0.2778\n",
      "3  0.3729  0.7241\n",
      "\n",
      "\n",
      "And loss is 0.4179\n",
      "\n",
      "[0.57631479 0.17328726 0.25039795]\n",
      "[0.2287925  0.35310822 0.41809929]\n",
      "[0.20495169 0.25831073 0.53673759]\n",
      "[0.57631479 0.13927695 0.28440826]\n",
      "[0.26254341 0.35310822 0.38434838]\n",
      "[0.19554957 0.26771284 0.53673759]\n",
      "\n",
      "Pre-adjustment group rates are \n",
      "\n",
      "0\n",
      "      fpr     tpr\n",
      "1  0.1923  0.6897\n",
      "2  0.1707  0.5714\n",
      "3  0.2558  0.3333\n",
      "\n",
      "1\n",
      "      fpr     tpr\n",
      "1  0.4107  0.5405\n",
      "2  0.0779  0.2500\n",
      "3  0.4528  0.4000\n",
      "\n",
      "\n",
      "And loss is 0.5135\n",
      "\n",
      "\n",
      "Pre-adjustment group rates are \n",
      "\n",
      "0\n",
      "      fpr     tpr\n",
      "1  0.2174  0.6667\n",
      "2  0.1795  0.5455\n",
      "3  0.2632  0.3333\n",
      "\n",
      "1\n",
      "      fpr     tpr\n",
      "1  0.4038  0.5484\n",
      "2  0.0588  0.2667\n",
      "3  0.4565  0.4324\n",
      "\n",
      "\n",
      "And loss is 0.5113\n",
      "\n",
      "[0.00711948 0.60460262 0.3882779 ]\n",
      "[0.00532078 0.68676505 0.30791417]\n",
      "[0.00517164 0.61311303 0.38171532]\n",
      "[0.00711948 0.6015547  0.39132582]\n",
      "[0.00259652 0.68676505 0.31063844]\n",
      "[0.00631585 0.61196882 0.38171532]\n",
      "\n",
      "Pre-adjustment group rates are \n",
      "\n",
      "0\n",
      "      fpr     tpr\n",
      "1  0.1905  0.6667\n",
      "2  0.1579  0.7000\n",
      "3  0.2432  0.3636\n",
      "\n",
      "1\n",
      "      fpr     tpr\n",
      "1  0.4000  0.5143\n",
      "2  0.0845  0.2143\n",
      "3  0.4898  0.3889\n",
      "\n",
      "\n",
      "And loss is 0.5188\n",
      "\n",
      "[0.12720196 0.46641417 0.40638387]\n",
      "[0.10486351 0.6730678  0.22206869]\n",
      "[0.09354517 0.48263112 0.42382371]\n",
      "[0.12720196 0.49024083 0.38255722]\n",
      "[0.03533388 0.6730678  0.29159832]\n",
      "[0.12366857 0.45250773 0.42382371]\n",
      "\n",
      "Pre-adjustment group rates are \n",
      "\n",
      "0\n",
      "      fpr     tpr\n",
      "1  0.2174  0.7083\n",
      "2  0.1212  0.5714\n",
      "3  0.2368  0.4444\n",
      "\n",
      "1\n",
      "      fpr     tpr\n",
      "1  0.4000  0.5556\n",
      "2  0.0845  0.2667\n",
      "3  0.4314  0.4000\n",
      "\n",
      "\n",
      "And loss is 0.4962\n",
      "\n",
      "[0.05660327 0.39214862 0.55124811]\n",
      "[0.18901066 0.53189647 0.27909287]\n",
      "[0.11790169 0.39638402 0.48571429]\n",
      "[0.05660327 0.38784117 0.55555556]\n",
      "[0.26810353 0.53189647 0.2       ]\n",
      "[0.11536336 0.39892235 0.48571429]\n",
      "\n",
      "Pre-adjustment group rates are \n",
      "\n",
      "0\n",
      "      fpr     tpr\n",
      "1  0.2000  0.6667\n",
      "2  0.1795  0.5385\n",
      "3  0.2750  0.3333\n",
      "\n",
      "1\n",
      "      fpr     tpr\n",
      "1  0.3778  0.5278\n",
      "2  0.0746  0.2143\n",
      "3  0.4600  0.4516\n",
      "\n",
      "\n",
      "And loss is 0.5113\n",
      "\n",
      "[0.06114072 0.53816657 0.40069271]\n",
      "[0.08952171 0.5701475  0.3403308 ]\n",
      "[0.07917794 0.53445119 0.38637088]\n",
      "[0.06114072 0.53404346 0.40481582]\n",
      "[0.10982501 0.5701475  0.3200275 ]\n",
      "[0.0731452  0.54048392 0.38637088]\n",
      "\n",
      "Pre-adjustment group rates are \n",
      "\n",
      "0\n",
      "      fpr     tpr\n",
      "1  0.2083  0.7407\n",
      "2  0.1579  0.5385\n",
      "3  0.2500  0.2727\n",
      "\n",
      "1\n",
      "      fpr     tpr\n",
      "1  0.4200  0.5625\n",
      "2  0.0870  0.3077\n",
      "3  0.4222  0.3784\n",
      "\n",
      "\n",
      "And loss is 0.5038\n",
      "\n",
      "[0.30222211 0.31564463 0.38213326]\n",
      "[0.28336731 0.32709542 0.38953727]\n",
      "[0.29452315 0.3071237  0.39835315]\n",
      "[0.30222211 0.317345   0.38043289]\n",
      "[0.27825627 0.32709542 0.39464831]\n",
      "[0.29207267 0.30957419 0.39835315]\n",
      "\n",
      "Pre-adjustment group rates are \n",
      "\n",
      "0\n",
      "      fpr     tpr\n",
      "1  0.2000  0.7500\n",
      "2  0.1667  0.5385\n",
      "3  0.2432  0.3333\n",
      "\n",
      "1\n",
      "      fpr     tpr\n",
      "1  0.4340  0.5161\n",
      "2  0.0870  0.2667\n",
      "3  0.4565  0.3684\n",
      "\n",
      "\n",
      "And loss is 0.5263\n",
      "\n",
      "[0.60623469 0.04737887 0.34638645]\n",
      "[0.57918155 0.08480755 0.3360109 ]\n",
      "[0.54778246 0.07286651 0.37935104]\n",
      "[0.60623469 0.05820546 0.33555986]\n",
      "[0.55761047 0.08480755 0.35758198]\n",
      "[0.56667559 0.05397338 0.37935104]\n",
      "\n",
      "Pre-adjustment group rates are \n",
      "\n",
      "0\n",
      "      fpr     tpr\n",
      "1  0.1667  0.6957\n",
      "2  0.2059  0.5385\n",
      "3  0.2500  0.3636\n",
      "\n",
      "1\n",
      "      fpr     tpr\n",
      "1  0.4151  0.5455\n",
      "2  0.0571  0.2500\n",
      "3  0.4694  0.4054\n",
      "\n",
      "\n",
      "And loss is 0.5188\n",
      "\n",
      "[0.05142116 0.55590488 0.39267396]\n",
      "[0.04042598 0.61311728 0.34645674]\n",
      "[0.03760237 0.55294875 0.40944888]\n",
      "[0.05142116 0.56930827 0.37927057]\n",
      "[0.01767603 0.61311728 0.3692067 ]\n",
      "[0.04841001 0.54214111 0.40944888]\n",
      "\n",
      "Pre-adjustment group rates are \n",
      "\n",
      "0\n",
      "      fpr     tpr\n",
      "1  0.1364  0.6667\n",
      "2  0.1667  0.6154\n",
      "3  0.2750  0.3333\n",
      "\n",
      "1\n",
      "      fpr     tpr\n",
      "1  0.4490  0.5429\n",
      "2  0.0822  0.1818\n",
      "3  0.4348  0.3947\n",
      "\n",
      "\n",
      "And loss is 0.5113\n",
      "\n",
      "[0.583659   0.07766688 0.33867412]\n",
      "[0.56939846 0.11374598 0.31685556]\n",
      "[0.5418261  0.09836895 0.35980495]\n",
      "[0.583659   0.08341373 0.33292728]\n",
      "[0.55894789 0.11374598 0.32730613]\n",
      "[0.55787887 0.08231618 0.35980495]\n",
      "\n",
      "Pre-adjustment group rates are \n",
      "\n",
      "0\n",
      "      fpr     tpr\n",
      "1  0.2174  0.6667\n",
      "2  0.1842  0.5833\n",
      "3  0.2564  0.2727\n",
      "\n",
      "1\n",
      "      fpr     tpr\n",
      "1  0.3962  0.5161\n",
      "2  0.0725  0.2667\n",
      "3  0.4783  0.4211\n",
      "\n",
      "\n",
      "And loss is 0.5224\n",
      "\n",
      "[0.01171168 0.70903739 0.27925093]\n",
      "[0.00879862 0.73620347 0.25499792]\n",
      "[0.00920073 0.70989359 0.28090568]\n",
      "[0.01171168 0.71116882 0.2771195 ]\n",
      "[0.00302553 0.73620347 0.260771  ]\n",
      "[0.01134569 0.70774862 0.28090568]\n",
      "\n",
      "Pre-adjustment group rates are \n",
      "\n",
      "0\n",
      "      fpr     tpr\n",
      "1  0.1667  0.6786\n",
      "2  0.1842  0.5714\n",
      "3  0.2619  0.3000\n",
      "\n",
      "1\n",
      "      fpr     tpr\n",
      "1  0.4082  0.5758\n",
      "2  0.0909  0.2500\n",
      "3  0.4286  0.3636\n",
      "\n",
      "\n",
      "And loss is 0.5149\n",
      "\n",
      "[0.6779965  0.01607177 0.30593173]\n",
      "[0.64803244 0.02934367 0.3226239 ]\n",
      "[0.63479509 0.02708371 0.3381212 ]\n",
      "[0.6779965  0.01896965 0.30303385]\n",
      "[0.64170781 0.02934367 0.32894852]\n",
      "[0.64290915 0.01896965 0.3381212 ]\n",
      "\n",
      "Pre-adjustment group rates are \n",
      "\n",
      "0\n",
      "      fpr     tpr\n",
      "1  0.3043  0.7368\n",
      "2  0.1875  0.6000\n",
      "3  0.1724  0.3077\n",
      "\n",
      "1\n",
      "      fpr     tpr\n",
      "1  0.3692  0.4878\n",
      "2  0.0625  0.3462\n",
      "3  0.4030  0.5385\n",
      "\n",
      "\n",
      "And loss is 0.5000\n",
      "\n",
      "\n",
      "Pre-adjustment group rates are \n",
      "\n",
      "0\n",
      "      fpr     tpr\n",
      "1  0.3043  0.7647\n",
      "2  0.2000  0.6000\n",
      "3  0.1481  0.3077\n",
      "\n",
      "1\n",
      "      fpr     tpr\n",
      "1  0.3860  0.4722\n",
      "2  0.0423  0.2727\n",
      "3  0.4483  0.5429\n",
      "\n",
      "\n",
      "And loss is 0.5113\n",
      "\n",
      "[0.25237478 0.31173191 0.43589331]\n",
      "[0.23324386 0.50411941 0.26263673]\n",
      "[0.18553036 0.36431571 0.45015393]\n",
      "[0.25237478 0.33300976 0.41461546]\n",
      "[0.19434207 0.50411941 0.30153852]\n",
      "[0.21377628 0.33606979 0.45015393]\n",
      "\n",
      "Pre-adjustment group rates are \n",
      "\n",
      "0\n",
      "      fpr     tpr\n",
      "1  0.3043  0.7500\n",
      "2  0.2069  0.6000\n",
      "3  0.1538  0.3077\n",
      "\n",
      "1\n",
      "      fpr     tpr\n",
      "1  0.3898  0.5143\n",
      "2  0.0725  0.3600\n",
      "3  0.3667  0.5000\n",
      "\n",
      "\n",
      "And loss is 0.5038\n",
      "\n",
      "[0.49408174 0.14003991 0.36587835]\n",
      "[0.41856707 0.41008159 0.17135134]\n",
      "[0.34063025 0.27849659 0.38087317]\n",
      "[0.49408174 0.18128722 0.32463104]\n",
      "[0.34585722 0.41008159 0.24406119]\n",
      "[0.39558832 0.22353851 0.38087317]\n",
      "\n",
      "Pre-adjustment group rates are \n",
      "\n",
      "0\n",
      "      fpr     tpr\n",
      "1  0.3000  0.7647\n",
      "2  0.1786  0.5556\n",
      "3  0.1538  0.3636\n",
      "\n",
      "1\n",
      "      fpr     tpr\n",
      "1  0.3833  0.4444\n",
      "2  0.0694  0.3333\n",
      "3  0.4167  0.5278\n",
      "\n",
      "\n",
      "And loss is 0.5113\n",
      "\n",
      "[0.42619932 0.03112951 0.54267117]\n",
      "[0.43526209 0.29400091 0.270737  ]\n",
      "[0.31332367 0.19243696 0.49423937]\n",
      "[0.42619932 0.08212286 0.49167782]\n",
      "[0.32216554 0.29400091 0.38383355]\n",
      "[0.39888291 0.10687773 0.49423937]\n",
      "\n",
      "Pre-adjustment group rates are \n",
      "\n",
      "0\n",
      "      fpr     tpr\n",
      "1  0.2105  0.7368\n",
      "2  0.2000  0.6250\n",
      "3  0.1852  0.3636\n",
      "\n",
      "1\n",
      "      fpr     tpr\n",
      "1  0.3729  0.5000\n",
      "2  0.0685  0.3636\n",
      "3  0.3966  0.5135\n",
      "\n",
      "\n",
      "And loss is 0.4887\n",
      "\n",
      "[0.40234641 0.21277132 0.38488227]\n",
      "[0.35631525 0.45952826 0.18415649]\n",
      "[0.25913837 0.33420237 0.40665926]\n",
      "[0.40234641 0.24720544 0.35044815]\n",
      "[0.25603862 0.45952826 0.28443311]\n",
      "[0.32622682 0.26711392 0.40665926]\n",
      "\n",
      "Pre-adjustment group rates are \n",
      "\n",
      "0\n",
      "      fpr     tpr\n",
      "1  0.2727  0.7059\n",
      "2  0.2069  0.6000\n",
      "3  0.1852  0.3333\n",
      "\n",
      "1\n",
      "      fpr     tpr\n",
      "1  0.3729  0.5143\n",
      "2  0.0429  0.3750\n",
      "3  0.3898  0.5429\n",
      "\n",
      "\n",
      "And loss is 0.4887\n",
      "\n",
      "[0.3571916  0.29673038 0.34607803]\n",
      "[0.29755236 0.55536448 0.14708316]\n",
      "[0.2268377 0.400593  0.3725693]\n",
      "[0.3571916  0.32980102 0.31300739]\n",
      "[0.23151307 0.55536448 0.21312245]\n",
      "[0.27781569 0.34961501 0.3725693 ]\n",
      "\n",
      "Pre-adjustment group rates are \n",
      "\n",
      "0\n",
      "      fpr     tpr\n",
      "1  0.3182  0.7333\n",
      "2  0.2143  0.5556\n",
      "3  0.1667  0.3077\n",
      "\n",
      "1\n",
      "      fpr     tpr\n",
      "1  0.3448  0.4737\n",
      "2  0.0694  0.3750\n",
      "3  0.4032  0.5588\n",
      "\n",
      "\n",
      "And loss is 0.5038\n",
      "\n",
      "[0.54682061 0.03041321 0.42276617]\n",
      "[0.46672202 0.25344335 0.27983462]\n",
      "[0.37756946 0.17546079 0.44696975]\n",
      "[0.54682061 0.08339575 0.36978364]\n",
      "[0.3783664  0.25344335 0.36819025]\n",
      "[0.43922301 0.11380724 0.44696975]\n",
      "\n",
      "Pre-adjustment group rates are \n",
      "\n",
      "0\n",
      "      fpr     tpr\n",
      "1  0.3684  0.7647\n",
      "2  0.1429  0.5000\n",
      "3  0.2000  0.2727\n",
      "\n",
      "1\n",
      "      fpr     tpr\n",
      "1  0.3448  0.5128\n",
      "2  0.0667  0.3636\n",
      "3  0.3934  0.5556\n",
      "\n",
      "\n",
      "And loss is 0.4887\n",
      "\n",
      "[0.26296096 0.50174492 0.23529412]\n",
      "[0.18848006 0.6638722  0.14764774]\n",
      "[0.1683375  0.54246415 0.28919835]\n",
      "[0.26296096 0.51045726 0.22658178]\n",
      "[0.16315532 0.6638722  0.17297247]\n",
      "[0.18516834 0.5256333  0.28919835]\n",
      "\n",
      "Pre-adjustment group rates are \n",
      "\n",
      "0\n",
      "      fpr     tpr\n",
      "1  0.3500  0.6875\n",
      "2  0.2222  0.5556\n",
      "3  0.2000  0.1818\n",
      "\n",
      "1\n",
      "      fpr     tpr\n",
      "1  0.3770  0.4444\n",
      "2  0.0685  0.3333\n",
      "3  0.4167  0.5405\n",
      "\n",
      "\n",
      "And loss is 0.5338\n",
      "\n",
      "[0.21808284 0.51686434 0.26505282]\n",
      "[0.18874519 0.56634089 0.24491392]\n",
      "[0.18195921 0.52674758 0.29129321]\n",
      "[0.21808284 0.51868028 0.26323688]\n",
      "[0.1840074  0.56634089 0.24965171]\n",
      "[0.18566512 0.52304167 0.29129321]\n",
      "\n",
      "Pre-adjustment group rates are \n",
      "\n",
      "0\n",
      "      fpr     tpr\n",
      "1  0.3158  0.7222\n",
      "2  0.1429  0.6667\n",
      "3  0.1852  0.3000\n",
      "\n",
      "1\n",
      "      fpr     tpr\n",
      "1  0.3509  0.5000\n",
      "2  0.0556  0.3600\n",
      "3  0.4000  0.5625\n",
      "\n",
      "\n",
      "And loss is 0.4851\n",
      "\n",
      "[0.548869   0.07685293 0.37427807]\n",
      "[0.44050349 0.40159898 0.15789753]\n",
      "[0.41656863 0.19921583 0.38421555]\n",
      "[0.548869   0.10849857 0.34263243]\n",
      "[0.36101973 0.40159898 0.23738128]\n",
      "[0.48016124 0.13562321 0.38421555]\n",
      "\n",
      "Pre-adjustment group rates are \n",
      "\n",
      "0\n",
      "      fpr     tpr\n",
      "1  0.3000  0.7368\n",
      "2  0.1613  0.7500\n",
      "3  0.1481  0.3333\n",
      "\n",
      "1\n",
      "      fpr     tpr\n",
      "1  0.3684  0.5000\n",
      "2  0.0685  0.3182\n",
      "3  0.4000  0.5429\n",
      "\n",
      "\n",
      "And loss is 0.4851\n",
      "\n",
      "[0.71540501 0.02238666 0.26220833]\n",
      "[0.60457926 0.31818182 0.07723892]\n",
      "[0.57702997 0.1414951  0.28147493]\n",
      "[0.71540501 0.05263158 0.23196341]\n",
      "[0.51683886 0.31818182 0.16497933]\n",
      "[0.63281078 0.08571429 0.28147493]\n",
      "\n",
      "Pre-adjustment group rates are \n",
      "\n",
      "0\n",
      "      fpr     tpr\n",
      "1  0.5517  0.7500\n",
      "2  0.1538  0.5000\n",
      "3  0.1000  0.2105\n",
      "\n",
      "1\n",
      "      fpr     tpr\n",
      "1  0.3929  0.5714\n",
      "2  0.0897  0.2500\n",
      "3  0.3548  0.5000\n",
      "\n",
      "\n",
      "And loss is 0.5170\n",
      "\n",
      "\n",
      "Pre-adjustment group rates are \n",
      "\n",
      "0\n",
      "      fpr     tpr\n",
      "1  0.5385  0.7647\n",
      "2  0.1818  0.5000\n",
      "3  0.0741  0.1875\n",
      "\n",
      "1\n",
      "      fpr     tpr\n",
      "1  0.3600  0.5641\n",
      "2  0.0959  0.3125\n",
      "3  0.3636  0.5000\n",
      "\n",
      "\n",
      "And loss is 0.5076\n",
      "\n",
      "[0.75101335 0.09806891 0.15091774]\n",
      "[0.4429122  0.27786191 0.27922589]\n",
      "[0.61912349 0.10419822 0.27667829]\n",
      "[0.75101335 0.03918329 0.20980336]\n",
      "[0.55139876 0.27786191 0.17073933]\n",
      "[0.55132694 0.17199478 0.27667829]\n",
      "\n",
      "Pre-adjustment group rates are \n",
      "\n",
      "0\n",
      "      fpr     tpr\n",
      "1  0.5714  0.7368\n",
      "2  0.1579  0.4444\n",
      "3  0.1071  0.2105\n",
      "\n",
      "1\n",
      "      fpr     tpr\n",
      "1  0.4167  0.5405\n",
      "2  0.1000  0.1333\n",
      "3  0.4038  0.4545\n",
      "\n",
      "\n",
      "And loss is 0.5530\n",
      "\n",
      "[0.59659481 0.28222769 0.1211775 ]\n",
      "[0.52720257 0.3168904  0.15590703]\n",
      "[0.52217678 0.25138256 0.22644065]\n",
      "[0.59659481 0.28473324 0.11867195]\n",
      "[0.51705312 0.3168904  0.16605648]\n",
      "[0.52685544 0.24670391 0.22644065]\n",
      "\n",
      "Pre-adjustment group rates are \n",
      "\n",
      "0\n",
      "      fpr     tpr\n",
      "1  0.5357  0.7368\n",
      "2  0.1622  0.5000\n",
      "3  0.1034  0.2222\n",
      "\n",
      "1\n",
      "      fpr     tpr\n",
      "1  0.4222  0.5500\n",
      "2  0.0448  0.2222\n",
      "3  0.3793  0.5556\n",
      "\n",
      "\n",
      "And loss is 0.5152\n",
      "\n",
      "[0.66440556 0.08286118 0.25273325]\n",
      "[0.53112116 0.26239375 0.20648509]\n",
      "[0.56572821 0.08746458 0.34680721]\n",
      "[0.66440556 0.07028692 0.26530751]\n",
      "[0.56420265 0.26239375 0.1734036 ]\n",
      "[0.54614582 0.10704698 0.34680721]\n",
      "\n",
      "Pre-adjustment group rates are \n",
      "\n",
      "0\n",
