{
 "cells": [
  {
   "cell_type": "markdown",
   "metadata": {},
   "source": [
    "# Testing DEMV on _Contraceptive Method Choice_ dataset"
   ]
  },
  {
   "cell_type": "markdown",
   "metadata": {},
   "source": [
    "Source: [https://archive.ics.uci.edu/ml/datasets/Contraceptive+Method+Choice](https://archive.ics.uci.edu/ml/datasets/Contraceptive+Method+Choice)\n",
    "\n",
    "- Label: `contr_use`\n",
    "- Unprivileged group: `wife_religion=1 (islam) & wife_work=1 (non-work)`\n",
    "- Positive label: `2 (long-term)`"
   ]
  },
  {
   "cell_type": "code",
   "execution_count": 1,
   "metadata": {},
   "outputs": [],
   "source": [
    "import pandas as pd\n",
    "import numpy as np\n",
    "\n",
    "from sklearn.linear_model import LogisticRegression\n",
    "from sklearn.preprocessing import StandardScaler\n",
    "from sklearn.pipeline import Pipeline\n",
    "\n",
    "from fairlearn.reductions import ExponentiatedGradient, BoundedGroupLoss, ZeroOneLoss\n",
    "\n",
    "import matplotlib.pyplot as plt\n",
    "import seaborn as sns\n",
    "\n",
    "from utils import *\n",
    "from demv import DEMV\n",
    "\n",
    "import warnings\n",
    "warnings.filterwarnings('ignore')\n",
    "\n",
    "sns.set_style('whitegrid')\n",
    "%load_ext autoreload\n",
    "%autoreload 2"
   ]
  },
  {
   "cell_type": "code",
   "execution_count": 2,
   "metadata": {},
   "outputs": [
    {
     "data": {
      "text/html": [
       "<div>\n",
       "<style scoped>\n",
       "    .dataframe tbody tr th:only-of-type {\n",
       "        vertical-align: middle;\n",
       "    }\n",
       "\n",
       "    .dataframe tbody tr th {\n",
       "        vertical-align: top;\n",
       "    }\n",
       "\n",
       "    .dataframe thead th {\n",
       "        text-align: right;\n",
       "    }\n",
       "</style>\n",
       "<table border=\"1\" class=\"dataframe\">\n",
       "  <thead>\n",
       "    <tr style=\"text-align: right;\">\n",
       "      <th></th>\n",
       "      <th>wife_age</th>\n",
       "      <th>wife_edu</th>\n",
       "      <th>hus_edu</th>\n",
       "      <th>num_child</th>\n",
       "      <th>wife_religion</th>\n",
       "      <th>wife_work</th>\n",
       "      <th>hus_occ</th>\n",
       "      <th>living</th>\n",
       "      <th>media</th>\n",
       "      <th>contr_use</th>\n",
       "    </tr>\n",
       "  </thead>\n",
       "  <tbody>\n",
       "    <tr>\n",
       "      <th>0</th>\n",
       "      <td>24</td>\n",
       "      <td>2</td>\n",
       "      <td>3</td>\n",
       "      <td>3</td>\n",
       "      <td>1</td>\n",
       "      <td>1</td>\n",
       "      <td>2</td>\n",
       "      <td>3</td>\n",
       "      <td>0</td>\n",
       "      <td>1</td>\n",
       "    </tr>\n",
       "    <tr>\n",
       "      <th>1</th>\n",
       "      <td>45</td>\n",
       "      <td>1</td>\n",
       "      <td>3</td>\n",
       "      <td>10</td>\n",
       "      <td>1</td>\n",
       "      <td>1</td>\n",
       "      <td>3</td>\n",
       "      <td>4</td>\n",
       "      <td>0</td>\n",
       "      <td>1</td>\n",
       "    </tr>\n",
       "    <tr>\n",
       "      <th>2</th>\n",
       "      <td>43</td>\n",
       "      <td>2</td>\n",
       "      <td>3</td>\n",
       "      <td>7</td>\n",
       "      <td>1</td>\n",
       "      <td>1</td>\n",
       "      <td>3</td>\n",
       "      <td>4</td>\n",
       "      <td>0</td>\n",
       "      <td>1</td>\n",
       "    </tr>\n",
       "    <tr>\n",
       "      <th>3</th>\n",
       "      <td>42</td>\n",
       "      <td>3</td>\n",
       "      <td>2</td>\n",
       "      <td>9</td>\n",
       "      <td>1</td>\n",
       "      <td>1</td>\n",
       "      <td>3</td>\n",
       "      <td>3</td>\n",
       "      <td>0</td>\n",
       "      <td>1</td>\n",
       "    </tr>\n",
       "    <tr>\n",
       "      <th>4</th>\n",
       "      <td>36</td>\n",
       "      <td>3</td>\n",
       "      <td>3</td>\n",
       "      <td>8</td>\n",
       "      <td>1</td>\n",
       "      <td>1</td>\n",
       "      <td>3</td>\n",
       "      <td>2</td>\n",
       "      <td>0</td>\n",
       "      <td>1</td>\n",
       "    </tr>\n",
       "    <tr>\n",
       "      <th>...</th>\n",
       "      <td>...</td>\n",
       "      <td>...</td>\n",
       "      <td>...</td>\n",
       "      <td>...</td>\n",
       "      <td>...</td>\n",
       "      <td>...</td>\n",
       "      <td>...</td>\n",
       "      <td>...</td>\n",
       "      <td>...</td>\n",
       "      <td>...</td>\n",
       "    </tr>\n",
       "    <tr>\n",
       "      <th>1468</th>\n",
       "      <td>33</td>\n",
       "      <td>4</td>\n",
       "      <td>4</td>\n",
       "      <td>2</td>\n",
       "      <td>1</td>\n",
       "      <td>0</td>\n",
       "      <td>2</td>\n",
       "      <td>4</td>\n",
       "      <td>0</td>\n",
       "      <td>3</td>\n",
       "    </tr>\n",
       "    <tr>\n",
       "      <th>1469</th>\n",
       "      <td>33</td>\n",
       "      <td>4</td>\n",
       "      <td>4</td>\n",
       "      <td>3</td>\n",
       "      <td>1</td>\n",
       "      <td>1</td>\n",
       "      <td>1</td>\n",
       "      <td>4</td>\n",
       "      <td>0</td>\n",
       "      <td>3</td>\n",
       "    </tr>\n",
       "    <tr>\n",
       "      <th>1470</th>\n",
       "      <td>39</td>\n",
       "      <td>3</td>\n",
       "      <td>3</td>\n",
       "      <td>8</td>\n",
       "      <td>1</td>\n",
       "      <td>0</td>\n",
       "      <td>1</td>\n",
       "      <td>4</td>\n",
       "      <td>0</td>\n",
       "      <td>3</td>\n",
       "    </tr>\n",
       "    <tr>\n",
       "      <th>1471</th>\n",
       "      <td>33</td>\n",
       "      <td>3</td>\n",
       "      <td>3</td>\n",
       "      <td>4</td>\n",
       "      <td>1</td>\n",
       "      <td>0</td>\n",
       "      <td>2</td>\n",
       "      <td>2</td>\n",
       "      <td>0</td>\n",
       "      <td>3</td>\n",
       "    </tr>\n",
       "    <tr>\n",
       "      <th>1472</th>\n",
       "      <td>17</td>\n",
       "      <td>3</td>\n",
       "      <td>3</td>\n",
       "      <td>1</td>\n",
       "      <td>1</td>\n",
       "      <td>1</td>\n",
       "      <td>2</td>\n",
       "      <td>4</td>\n",
       "      <td>0</td>\n",
       "      <td>3</td>\n",
       "    </tr>\n",
       "  </tbody>\n",
       "</table>\n",
       "<p>1473 rows × 10 columns</p>\n",
       "</div>"
      ],
      "text/plain": [
       "      wife_age  wife_edu  hus_edu  num_child  wife_religion  wife_work  \\\n",
       "0           24         2        3          3              1          1   \n",
       "1           45         1        3         10              1          1   \n",
       "2           43         2        3          7              1          1   \n",
       "3           42         3        2          9              1          1   \n",
       "4           36         3        3          8              1          1   \n",
       "...        ...       ...      ...        ...            ...        ...   \n",
       "1468        33         4        4          2              1          0   \n",
       "1469        33         4        4          3              1          1   \n",
       "1470        39         3        3          8              1          0   \n",
       "1471        33         3        3          4              1          0   \n",
       "1472        17         3        3          1              1          1   \n",
       "\n",
       "      hus_occ  living  media  contr_use  \n",
       "0           2       3      0          1  \n",
       "1           3       4      0          1  \n",
       "2           3       4      0          1  \n",
       "3           3       3      0          1  \n",
       "4           3       2      0          1  \n",
       "...       ...     ...    ...        ...  \n",
       "1468        2       4      0          3  \n",
       "1469        1       4      0          3  \n",
       "1470        1       4      0          3  \n",
       "1471        2       2      0          3  \n",
       "1472        2       4      0          3  \n",
       "\n",
       "[1473 rows x 10 columns]"
      ]
     },
     "execution_count": 2,
     "metadata": {},
     "output_type": "execute_result"
    }
   ],
   "source": [
    "data = pd.read_csv('data2/cmc.data', names=['wife_age', 'wife_edu', 'hus_edu', 'num_child', 'wife_religion', 'wife_work', 'hus_occ', 'living', 'media', 'contr_use'])\n",
    "data"
   ]
  },
  {
   "cell_type": "code",
   "execution_count": 3,
   "metadata": {},
   "outputs": [],
   "source": [
    "label = 'contr_use'\n",
    "sensitive_features = ['wife_religion', 'wife_work']\n",
    "unpriv_group = {'wife_religion': 1, 'wife_work': 1}\n",
    "positive_label= 2"
   ]
  },
  {
   "cell_type": "code",
   "execution_count": 4,
   "metadata": {},
   "outputs": [],
   "source": [
    "pipeline = Pipeline([\n",
    "  ('scaler', StandardScaler()),\n",
    "  ('classifier', LogisticRegression())\n",
    "])"
   ]
  },
  {
   "cell_type": "code",
   "execution_count": 5,
   "metadata": {},
   "outputs": [
    {
     "data": {
      "text/html": [
       "<div>\n",
       "<style scoped>\n",
       "    .dataframe tbody tr th:only-of-type {\n",
       "        vertical-align: middle;\n",
       "    }\n",
       "\n",
       "    .dataframe tbody tr th {\n",
       "        vertical-align: top;\n",
       "    }\n",
       "\n",
       "    .dataframe thead th {\n",
       "        text-align: right;\n",
       "    }\n",
       "</style>\n",
       "<table border=\"1\" class=\"dataframe\">\n",
       "  <thead>\n",
       "    <tr style=\"text-align: right;\">\n",
       "      <th></th>\n",
       "      <th>wife_age</th>\n",
       "      <th>wife_edu</th>\n",
       "      <th>hus_edu</th>\n",
       "      <th>num_child</th>\n",
       "      <th>wife_religion</th>\n",
       "      <th>wife_work</th>\n",
       "      <th>hus_occ</th>\n",
       "      <th>living</th>\n",
       "      <th>media</th>\n",
       "      <th>contr_use</th>\n",
       "    </tr>\n",
       "  </thead>\n",
       "  <tbody>\n",
       "    <tr>\n",
       "      <th>0</th>\n",
       "      <td>24</td>\n",
       "      <td>2</td>\n",
       "      <td>3</td>\n",
       "      <td>3</td>\n",
       "      <td>1</td>\n",
       "      <td>1</td>\n",
       "      <td>2</td>\n",
       "      <td>3</td>\n",
       "      <td>0</td>\n",
       "      <td>1</td>\n",
       "    </tr>\n",
       "    <tr>\n",
       "      <th>1</th>\n",
       "      <td>45</td>\n",
       "      <td>1</td>\n",
       "      <td>3</td>\n",
       "      <td>10</td>\n",
       "      <td>1</td>\n",
       "      <td>1</td>\n",
       "      <td>3</td>\n",
       "      <td>4</td>\n",
       "      <td>0</td>\n",
       "      <td>1</td>\n",
       "    </tr>\n",
       "    <tr>\n",
       "      <th>2</th>\n",
       "      <td>43</td>\n",
       "      <td>2</td>\n",
       "      <td>3</td>\n",
       "      <td>7</td>\n",
       "      <td>1</td>\n",
       "      <td>1</td>\n",
       "      <td>3</td>\n",
       "      <td>4</td>\n",
       "      <td>0</td>\n",
       "      <td>1</td>\n",
       "    </tr>\n",
       "    <tr>\n",
       "      <th>3</th>\n",
       "      <td>42</td>\n",
       "      <td>3</td>\n",
       "      <td>2</td>\n",
       "      <td>9</td>\n",
       "      <td>1</td>\n",
       "      <td>1</td>\n",
       "      <td>3</td>\n",
       "      <td>3</td>\n",
       "      <td>0</td>\n",
       "      <td>1</td>\n",
       "    </tr>\n",
       "    <tr>\n",
       "      <th>4</th>\n",
       "      <td>36</td>\n",
       "      <td>3</td>\n",
       "      <td>3</td>\n",
       "      <td>8</td>\n",
       "      <td>1</td>\n",
       "      <td>1</td>\n",
       "      <td>3</td>\n",
       "      <td>2</td>\n",
       "      <td>0</td>\n",
       "      <td>1</td>\n",
       "    </tr>\n",
       "    <tr>\n",
       "      <th>...</th>\n",
       "      <td>...</td>\n",
       "      <td>...</td>\n",
       "      <td>...</td>\n",
       "      <td>...</td>\n",
       "      <td>...</td>\n",
       "      <td>...</td>\n",
       "      <td>...</td>\n",
       "      <td>...</td>\n",
       "      <td>...</td>\n",
       "      <td>...</td>\n",
       "    </tr>\n",
       "    <tr>\n",
       "      <th>1468</th>\n",
       "      <td>33</td>\n",
       "      <td>4</td>\n",
       "      <td>4</td>\n",
       "      <td>2</td>\n",
       "      <td>1</td>\n",
       "      <td>0</td>\n",
       "      <td>2</td>\n",
       "      <td>4</td>\n",
       "      <td>0</td>\n",
       "      <td>3</td>\n",
       "    </tr>\n",
       "    <tr>\n",
       "      <th>1469</th>\n",
       "      <td>33</td>\n",
       "      <td>4</td>\n",
       "      <td>4</td>\n",
       "      <td>3</td>\n",
       "      <td>1</td>\n",
       "      <td>1</td>\n",
       "      <td>1</td>\n",
       "      <td>4</td>\n",
       "      <td>0</td>\n",
       "      <td>3</td>\n",
       "    </tr>\n",
       "    <tr>\n",
       "      <th>1470</th>\n",
       "      <td>39</td>\n",
       "      <td>3</td>\n",
       "      <td>3</td>\n",
       "      <td>8</td>\n",
       "      <td>1</td>\n",
       "      <td>0</td>\n",
       "      <td>1</td>\n",
       "      <td>4</td>\n",
       "      <td>0</td>\n",
       "      <td>3</td>\n",
       "    </tr>\n",
       "    <tr>\n",
       "      <th>1471</th>\n",
       "      <td>33</td>\n",
       "      <td>3</td>\n",
       "      <td>3</td>\n",
       "      <td>4</td>\n",
       "      <td>1</td>\n",
       "      <td>0</td>\n",
       "      <td>2</td>\n",
       "      <td>2</td>\n",
       "      <td>0</td>\n",
       "      <td>3</td>\n",
       "    </tr>\n",
       "    <tr>\n",
       "      <th>1472</th>\n",
       "      <td>17</td>\n",
       "      <td>3</td>\n",
       "      <td>3</td>\n",
       "      <td>1</td>\n",
       "      <td>1</td>\n",
       "      <td>1</td>\n",
       "      <td>2</td>\n",
       "      <td>4</td>\n",
       "      <td>0</td>\n",
       "      <td>3</td>\n",
       "    </tr>\n",
       "  </tbody>\n",
       "</table>\n",
       "<p>1473 rows × 10 columns</p>\n",
       "</div>"
      ],
      "text/plain": [
       "      wife_age  wife_edu  hus_edu  num_child  wife_religion  wife_work  \\\n",
       "0           24         2        3          3              1          1   \n",
       "1           45         1        3         10              1          1   \n",
       "2           43         2        3          7              1          1   \n",
       "3           42         3        2          9              1          1   \n",
       "4           36         3        3          8              1          1   \n",
       "...        ...       ...      ...        ...            ...        ...   \n",
       "1468        33         4        4          2              1          0   \n",
       "1469        33         4        4          3              1          1   \n",
       "1470        39         3        3          8              1          0   \n",
       "1471        33         3        3          4              1          0   \n",
       "1472        17         3        3          1              1          1   \n",
       "\n",
       "      hus_occ  living  media  contr_use  \n",
       "0           2       3      0          1  \n",
       "1           3       4      0          1  \n",
       "2           3       4      0          1  \n",
       "3           3       3      0          1  \n",
       "4           3       2      0          1  \n",
       "...       ...     ...    ...        ...  \n",
       "1468        2       4      0          3  \n",
       "1469        1       4      0          3  \n",
       "1470        1       4      0          3  \n",
       "1471        2       2      0          3  \n",
       "1472        2       4      0          3  \n",
       "\n",
       "[1473 rows x 10 columns]"
      ]
     },
     "execution_count": 5,
     "metadata": {},
     "output_type": "execute_result"
    }
   ],
   "source": [
    "data"
   ]
  },
  {
   "cell_type": "markdown",
   "metadata": {},
   "source": [
    "## Biased dataset"
   ]
  },
  {
   "cell_type": "code",
   "execution_count": 6,
   "metadata": {},
   "outputs": [],
   "source": [
    "model, bias_metrics = cross_val(pipeline, data, label, unpriv_group, sensitive_features, positive_label=positive_label)"
   ]
  },
  {
   "cell_type": "code",
   "execution_count": 7,
   "metadata": {},
   "outputs": [
    {
     "name": "stdout",
     "output_type": "stream",
     "text": [
      "Equalized odds:  0.219  +-  0.112\n",
      "Disparate impact:  0.494  +-  0.121\n",
      "Zero one loss:  0.33  +-  0.147\n",
      "Accuracy score:  0.521  +-  0.038\n"
     ]
    }
   ],
   "source": [
    "print_metrics(bias_metrics)"
   ]
  },
  {
   "cell_type": "markdown",
   "metadata": {},
   "source": [
    "## DEMV dataset"
   ]
  },
  {
   "cell_type": "code",
   "execution_count": 8,
   "metadata": {},
   "outputs": [],
   "source": [
    "demv = DEMV(round_level=1)\n",
    "demv_data = data.copy()"
   ]
  },
  {
   "cell_type": "code",
   "execution_count": 9,
   "metadata": {},
   "outputs": [],
   "source": [
    "model, demv_metrics = cross_val(pipeline, demv_data, label, unpriv_group, sensitive_features, debiaser=demv, positive_label=positive_label)"
   ]
  },
  {
   "cell_type": "code",
   "execution_count": 10,
   "metadata": {},
   "outputs": [
    {
     "name": "stdout",
     "output_type": "stream",
     "text": [
      "Equalized odds:  0.203  +-  0.186\n",
      "Disparate impact:  0.67  +-  0.173\n",
      "Zero one loss:  0.228  +-  0.115\n",
      "Accuracy score:  0.512  +-  0.038\n"
     ]
    }
   ],
   "source": [
    "print_metrics(demv_metrics)"
   ]
  },
  {
   "cell_type": "markdown",
   "metadata": {},
   "source": [
    "## DEMV Evaluation"
   ]
  },
  {
   "cell_type": "code",
   "execution_count": 11,
   "metadata": {},
   "outputs": [],
   "source": [
    "eval_data = data.copy()"
   ]
  },
  {
   "cell_type": "code",
   "execution_count": 12,
   "metadata": {},
   "outputs": [
    {
     "data": {
      "text/plain": [
       "15"
      ]
     },
     "execution_count": 12,
     "metadata": {},
     "output_type": "execute_result"
    }
   ],
   "source": [
    "demv.get_iters()"
   ]
  },
  {
   "cell_type": "code",
   "execution_count": 13,
   "metadata": {},
   "outputs": [],
   "source": [
    "metrics = eval_demv(3, demv.get_iters(), eval_data, pipeline, label, unpriv_group, sensitive_features, positive_label)"
   ]
  },
  {
   "cell_type": "markdown",
   "metadata": {},
   "source": [
    "Execution time: ~6min"
   ]
  },
  {
   "cell_type": "markdown",
   "metadata": {},
   "source": [
    "## Blackbox PostProcessing"
   ]
  },
  {
   "cell_type": "code",
   "execution_count": 14,
   "metadata": {},
   "outputs": [
    {
     "name": "stdout",
     "output_type": "stream",
     "text": [
      "\n",
      "Pre-adjustment group rates are \n",
      "\n",
      "0\n",
      "      fpr     tpr\n",
      "1  0.3889  0.6923\n",
      "2  0.0952  0.3000\n",
      "3  0.3478  0.2500\n",
      "\n",
      "1\n",
      "      fpr     tpr\n",
      "1  0.3857  0.6809\n",
      "2  0.0729  0.3333\n",
      "3  0.2500  0.5510\n",
      "\n",
      "\n",
      "And loss is 0.4595\n",
      "\n",
      "\n",
      "Pre-adjustment group rates are \n",
      "\n",
      "0\n",
      "      fpr   tpr\n",
      "1  0.3889  0.70\n",
      "2  0.1111  0.30\n",
      "3  0.3500  0.25\n",
      "\n",
      "1\n",
      "      fpr     tpr\n",
      "1  0.3857  0.6571\n",
      "2  0.0714  0.3333\n",
      "3  0.2679  0.5510\n",
      "\n",
      "\n",
      "And loss is 0.4812\n",
      "\n",
      "[0.6576971  0.33272435 0.00957855]\n",
      "[0.31745638 0.37843853 0.30410509]\n",
      "[0.47446604 0.26869214 0.25684182]\n",
      "[0.6576971  0.20521017 0.13709273]\n",
      "[0.43180451 0.37843853 0.18975697]\n",
      "[0.36813871 0.37501947 0.25684182]\n",
      "\n",
      "Pre-adjustment group rates are \n",
      "\n",
      "0\n",
      "      fpr     tpr\n",
      "1  0.3889  0.6667\n",
      "2  0.1176  0.3000\n",
      "3  0.3684  0.2500\n",
      "\n",
      "1\n",
      "      fpr     tpr\n",
      "1  0.3857  0.6667\n",
      "2  0.0706  0.3333\n",
      "3  0.2632  0.5510\n",
      "\n",
      "\n",
      "And loss is 0.4812\n",
      "\n",
      "[6.42442913e-01 3.57557087e-01 6.89502010e-11]\n",
      "[0.28909931 0.41433866 0.29656203]\n",
      "[0.48183218 0.27103279 0.24713503]\n",
      "[0.64244291 0.21078341 0.14677368]\n",
      "[0.41361332 0.41433866 0.17204802]\n",
      "[0.35810624 0.39475873 0.24713503]\n",
      "\n",
      "Pre-adjustment group rates are \n",
      "\n",
      "0\n",
      "      fpr     tpr\n",
      "1  0.4286  0.6667\n",
      "2  0.1000  0.1667\n",
      "3  0.3889  0.2500\n",
      "\n",
      "1\n",
      "      fpr     tpr\n",
      "1  0.3538  0.7143\n",
      "2  0.0769  0.3750\n",
      "3  0.2414  0.5510\n",
      "\n",
      "\n",
      "And loss is 0.4436\n",
      "\n",
      "[0.52184035 0.37126528 0.10689437]\n",
      "[0.26092018 0.51896597 0.22011385]\n",
      "[0.39138026 0.27844896 0.33017078]\n",
      "[0.52184035 0.3497599  0.12839975]\n",
      "[0.2937844  0.51896597 0.18724963]\n",
      "[0.34908003 0.32074919 0.33017078]\n",
      "\n",
      "Pre-adjustment group rates are \n",
      "\n",
      "0\n",
      "      fpr     tpr\n",
      "1  0.4286  0.6923\n",
      "2  0.0952  0.3333\n",
      "3  0.3158  0.2500\n",
      "\n",
      "1\n",
      "      fpr     tpr\n",
      "1  0.4068  0.6809\n",
      "2  0.0745  0.3333\n",
      "3  0.2203  0.5532\n",
      "\n",
      "\n",
      "And loss is 0.4361\n",
      "\n",
      "[6.87278489e-01 3.12721511e-01 1.43203851e-11]\n",
      "[0.33158157 0.38043846 0.28797998]\n",
      "[0.49687007 0.28714495 0.21598498]\n",
      "[0.68727849 0.20815187 0.10456964]\n",
      "[0.58199914 0.38043846 0.0375624 ]\n",
      "[0.38621078 0.39780424 0.21598498]\n",
      "\n",
      "Pre-adjustment group rates are \n",
      "\n",
      "0\n",
      "      fpr     tpr\n",
      "1  0.3750  0.6923\n",
      "2  0.0526  0.3000\n",
      "3  0.3478  0.3333\n",
      "\n",
      "1\n",
      "      fpr     tpr\n",
      "1  0.3860  0.6809\n",
      "2  0.0723  0.3333\n",
      "3  0.2500  0.5556\n",
      "\n",
      "\n",
      "And loss is 0.4511\n",
      "\n",
      "[0.65010897 0.33548512 0.01440591]\n",
      "[0.30269986 0.37857246 0.31872768]\n",
      "[0.4782673  0.33945963 0.18227307]\n",
      "[0.65010897 0.23243165 0.11745938]\n",
      "[0.40922038 0.37857246 0.21220717]\n",
      "[0.34480606 0.47292087 0.18227307]\n",
      "\n",
      "Pre-adjustment group rates are \n",
      "\n",
      "0\n",
      "      fpr     tpr\n",
      "1  0.3750  0.6923\n",
      "2  0.1053  0.3000\n",
      "3  0.3478  0.1667\n",
      "\n",
      "1\n",
      "      fpr     tpr\n",
      "1  0.3684  0.6809\n",
      "2  0.0723  0.3333\n",
      "3  0.2500  0.5833\n",
      "\n",
      "\n",
      "And loss is 0.4511\n",
      "\n",
      "[0.66113532 0.30769231 0.03117238]\n",
      "[0.28649197 0.45171871 0.26178932]\n",
      "[0.47748662 0.2241319  0.29838149]\n",
      "[0.66113532 0.20739077 0.13147392]\n",
      "[0.41691521 0.45171871 0.13136608]\n",
      "[0.32381482 0.3778037  0.29838149]\n",
      "\n",
      "Pre-adjustment group rates are \n",
      "\n",
      "0\n",
      "      fpr     tpr\n",
      "1  0.3750  0.8000\n",
      "2  0.0625  0.3000\n",
      "3  0.3000  0.3333\n",
      "\n",
      "1\n",
      "      fpr     tpr\n",
      "1  0.3846  0.6905\n",
      "2  0.0698  0.3333\n",
      "3  0.2381  0.5682\n",
      "\n",
      "\n",
      "And loss is 0.4436\n",
      "\n",
      "[6.45592422e-01 3.54407571e-01 6.38381878e-09]\n",
      "[0.30808676 0.39547057 0.29644267]\n",
      "[0.44549225 0.38981737 0.16469038]\n",
      "[0.64559242 0.23398401 0.12042357]\n",
      "[0.40071254 0.39547057 0.20381689]\n",
      "[0.33999852 0.4953111  0.16469038]\n",
      "\n",
      "Pre-adjustment group rates are \n",
      "\n",
      "0\n",
      "      fpr     tpr\n",
      "1  0.3889  0.6364\n",
      "2  0.1053  0.3000\n",
      "3  0.3810  0.2500\n",
      "\n",
      "1\n",
      "      fpr     tpr\n",
      "1  0.3857  0.6471\n",
      "2  0.0843  0.3333\n",
      "3  0.2545  0.5510\n",
      "\n",
      "\n",
      "And loss is 0.4887\n",
      "\n",
      "[0.68116336 0.26942036 0.04941628]\n",
      "[0.38034136 0.29636239 0.32329625]\n",
      "[0.52594642 0.1852265  0.28882708]\n",
      "[0.68116336 0.1642993  0.15453734]\n",
      "[0.48284368 0.29636239 0.22079393]\n",
      "[0.42885945 0.28231347 0.28882708]\n",
      "\n",
      "Pre-adjustment group rates are \n",
      "\n",
      "0\n",
      "      fpr     tpr\n",
      "1  0.3333  0.6923\n",
      "2  0.1000  0.3750\n",
      "3  0.3333  0.2857\n",
      "\n",
      "1\n",
      "      fpr     tpr\n",
      "1  0.4000  0.6957\n",
      "2  0.0652  0.2857\n",
      "3  0.2667  0.5217\n",
      "\n",
      "\n",
      "And loss is 0.4478\n",
      "\n",
      "[0.69565217 0.2488086  0.05553922]\n",
      "[0.33502792 0.32652866 0.33844343]\n",
      "[0.47425381 0.24878374 0.27696245]\n",
      "[0.69565217 0.1658666  0.13848123]\n",
      "[0.42857143 0.32652866 0.24489992]\n",
      "[0.39130435 0.3317332  0.27696245]\n",
      "\n",
      "Pre-adjustment group rates are \n",
      "\n",
      "0\n",
      "      fpr     tpr\n",
      "1  0.4118  0.6923\n",
      "2  0.1000  0.3000\n",
      "3  0.3478  0.1429\n",
      "\n",
      "1\n",
      "      fpr     tpr\n",
      "1  0.4035  0.6809\n",
      "2  0.0723  0.3333\n",
      "3  0.2500  0.5278\n",
      "\n",
      "\n",
      "And loss is 0.4701\n",
      "\n",
      "[0.64764823 0.30769231 0.04465946]\n",
      "[0.28064757 0.42087364 0.2984788 ]\n",
      "[0.53456679 0.1627368  0.30269641]\n",
      "[0.64764823 0.20337576 0.14897601]\n",
      "[0.41059328 0.42087364 0.16853308]\n",
      "[0.37039128 0.32691232 0.30269641]\n",
      "\n",
      "Pre-adjustment group rates are \n",
      "\n",
      "0\n",
      "      fpr     tpr\n",
      "1  0.3810  0.9000\n",
      "2  0.2286  0.1667\n",
      "3  0.0769  0.2667\n",
      "\n",
      "1\n",
      "      fpr     tpr\n",
      "1  0.2295  0.5652\n",
      "2  0.1358  0.3077\n",
      "3  0.3889  0.5714\n",
      "\n",
      "\n",
      "And loss is 0.4797\n",
      "\n",
      "\n",
      "Pre-adjustment group rates are \n",
      "\n",
      "0\n",
      "      fpr     tpr\n",
      "1  0.3810  0.8462\n",
      "2  0.2857  0.1667\n",
      "3  0.1053  0.2667\n",
      "\n",
      "1\n",
      "      fpr     tpr\n",
      "1  0.2295  0.5526\n",
      "2  0.1370  0.3077\n",
      "3  0.4062  0.5714\n",
      "\n",
      "\n",
      "And loss is 0.5113\n",
      "\n",
      "[0.57567897 0.03211185 0.39220917]\n",
      "[0.34017394 0.29349977 0.36632629]\n",
      "[0.22678263 0.23226979 0.54094758]\n",
      "[0.57567897 0.05980712 0.36451391]\n",
      "[0.29393285 0.29349977 0.41256738]\n",
      "[0.23336385 0.22568857 0.54094758]\n",
      "\n",
      "Pre-adjustment group rates are \n",
      "\n",
      "0\n",
      "      fpr     tpr\n",
      "1  0.3810  0.8750\n",
      "2  0.2581  0.1667\n",
      "3  0.0909  0.2667\n",
      "\n",
      "1\n",
      "      fpr     tpr\n",
      "1  0.2295  0.5429\n",
      "2  0.1571  0.3077\n",
      "3  0.3934  0.5714\n",
      "\n",
      "\n",
      "And loss is 0.5038\n",
      "\n",
      "[0.40013391 0.07936391 0.52050218]\n",
      "[0.26819537 0.30769231 0.42411232]\n",
      "[0.18406991 0.24010707 0.57582302]\n",
      "[0.40013391 0.08571429 0.5141518 ]\n",
      "[0.22493295 0.30769231 0.46737474]\n",
      "[0.19560555 0.22857143 0.57582302]\n",
      "\n",
      "Pre-adjustment group rates are \n",
      "\n",
      "0\n",
      "     fpr     tpr\n",
      "1  0.381  0.8824\n",
      "2  0.250  0.1667\n",
      "3  0.087  0.2667\n",
      "\n",
      "1\n",
      "      fpr     tpr\n",
      "1  0.2105  0.5526\n",
      "2  0.1507  0.3182\n",
      "3  0.4000  0.5714\n",
      "\n",
      "\n",
      "And loss is 0.4887\n",
      "\n",
      "[0.41481296 0.06326067 0.52192637]\n",
      "[0.25740141 0.31818182 0.42441677]\n",
      "[0.17457971 0.24976576 0.57565454]\n",
      "[0.41481296 0.07894737 0.50623968]\n",
      "[0.20217103 0.31818182 0.47964716]\n",
      "[0.19577404 0.22857143 0.57565454]\n",
      "\n",
      "Pre-adjustment group rates are \n",
      "\n",
      "0\n",
      "      fpr     tpr\n",
      "1  0.2778  0.9000\n",
      "2  0.2286  0.3333\n",
      "3  0.0870  0.2667\n",
      "\n",
      "1\n",
      "      fpr     tpr\n",
      "1  0.2653  0.5652\n",
      "2  0.1358  0.2143\n",
      "3  0.3667  0.5714\n",
      "\n",
      "\n",
      "And loss is 0.4586\n",
      "\n",
      "[0.21899045 0.4248859  0.35612365]\n",
      "[0.18137295 0.48529371 0.33333333]\n",
      "[0.15365676 0.35148263 0.49486061]\n",
      "[0.21899045 0.42263374 0.35837582]\n",
      "[0.17872252 0.48529371 0.33598376]\n",
      "[0.15009756 0.35504183 0.49486061]\n",
      "\n",
      "Pre-adjustment group rates are \n",
      "\n",
      "0\n",
      "      fpr     tpr\n",
      "1  0.3125  0.9000\n",
      "2  0.2000  0.1667\n",
      "3  0.0769  0.4000\n",
      "\n",
      "1\n",
      "      fpr     tpr\n",
      "1  0.2549  0.5652\n",
      "2  0.0986  0.3077\n",
      "3  0.3889  0.6000\n",
      "\n",
      "\n",
      "And loss is 0.4586\n",
      "\n",
      "[0.34618959 0.23277513 0.42103528]\n",
      "[0.20669555 0.46265285 0.3306516 ]\n",
      "[0.12578222 0.45172781 0.42248997]\n",
      "[0.34618959 0.23795868 0.41585173]\n",
      "[0.16490096 0.46265285 0.37244619]\n",
      "[0.14699743 0.4305126  0.42248997]\n",
      "\n",
      "Pre-adjustment group rates are \n",
      "\n",
      "0\n",
      "      fpr     tpr\n",
      "1  0.3529  0.9000\n",
      "2  0.2581  0.1667\n",
      "3  0.0769  0.1818\n",
      "\n",
      "1\n",
      "      fpr     tpr\n",
      "1  0.2000  0.5652\n",
      "2  0.1429  0.3077\n",
      "3  0.3889  0.5833\n",
      "\n",
      "\n",
      "And loss is 0.4812\n",
      "\n",
      "[0.38752417 0.06737005 0.54510577]\n",
      "[0.21529121 0.30769231 0.47701648]\n",
      "[0.11743157 0.2801064  0.60246204]\n",
      "[0.38752417 0.06521739 0.54725843]\n",
      "[0.19452316 0.30769231 0.49778454]\n",
      "[0.1058713  0.29166667 0.60246204]\n",
      "\n",
      "Pre-adjustment group rates are \n",
      "\n",
      "0\n",
      "      fpr     tpr\n",
      "1  0.4444  0.9444\n",
      "2  0.2000  0.1667\n",
      "3  0.0833  0.1667\n",
      "\n",
      "1\n",
      "      fpr     tpr\n",
      "1  0.2281  0.5500\n",
      "2  0.1549  0.3077\n",
      "3  0.3939  0.5484\n",
      "\n",
      "\n",
      "And loss is 0.4962\n",
      "\n",
      "[0.3232244  0.09046431 0.58631129]\n",
      "[0.1711188  0.30769231 0.52118889]\n",
      "[0.14259901 0.25162747 0.60577352]\n",
      "[0.3232244 0.075     0.6017756]\n",
      "[0.17111533 0.30769231 0.52119236]\n",
      "[0.13616197 0.25806452 0.60577352]\n",
      "\n",
      "Pre-adjustment group rates are \n",
      "\n",
      "0\n",
      "      fpr     tpr\n",
      "1  0.3810  0.9375\n",
      "2  0.2258  0.1667\n",
      "3  0.0909  0.2667\n",
      "\n",
      "1\n",
      "      fpr     tpr\n",
      "1  0.2295  0.6000\n",
      "2  0.1286  0.3077\n",
      "3  0.3934  0.5714\n",
      "\n",
      "\n",
      "And loss is 0.4812\n",
      "\n",
      "[0.45534115 0.02974743 0.51491142]\n",
      "[0.2776645  0.31438275 0.40795275]\n",
      "[0.18975178 0.24939083 0.56085739]\n",
      "[0.45534115 0.03444512 0.51021373]\n",
      "[0.23282061 0.31438275 0.45279664]\n",
      "[0.20153474 0.23760787 0.56085739]\n",
      "\n",
      "Pre-adjustment group rates are \n",
      "\n",
      "0\n",
      "      fpr     tpr\n",
      "1  0.4444  0.9000\n",
      "2  0.2286  0.0000\n",
      "3  0.0000  0.2667\n",
      "\n",
      "1\n",
      "      fpr     tpr\n",
      "1  0.2115  0.5909\n",
      "2  0.1392  0.3529\n",
      "3  0.3607  0.5714\n",
      "\n",
      "\n",
      "And loss is 0.4478\n",
      "\n",
      "[0.10876871 0.46419134 0.42703995]\n",
      "[0.12085412 0.51576816 0.36337772]\n",
      "[0.04028471 0.38046804 0.57924725]\n",
      "[0.10876871 0.47709958 0.41413171]\n",
      "[0.05357821 0.51576816 0.43065363]\n",
      "[0.05377839 0.36697436 0.57924725]\n",
      "\n",
      "Pre-adjustment group rates are \n",
      "\n",
      "0\n",
      "      fpr     tpr\n",
      "1  0.4444  0.9000\n",
      "2  0.1562  0.1667\n",
      "3  0.0769  0.3333\n",
      "\n",
      "1\n",
      "      fpr     tpr\n",
      "1  0.2400  0.5652\n",
      "2  0.1127  0.3200\n",
      "3  0.3944  0.5600\n",
      "\n",
      "\n",
      "And loss is 0.4701\n",
      "\n",
      "[0.67075292 0.17933072 0.14991636]\n",
      "[0.40577809 0.43296151 0.1612604 ]\n",
      "[0.37128599 0.41635682 0.21235719]\n",
      "[0.67075292 0.20326445 0.12598263]\n",
      "[0.36564935 0.43296151 0.20138913]\n",
      "[0.39991736 0.38772545 0.21235719]\n",
      "\n",
      "Pre-adjustment group rates are \n",
      "\n",
      "0\n",
      "      fpr     tpr\n",
      "1  0.5000  0.8000\n",
      "2  0.0769  0.2727\n",
      "3  0.1154  0.5455\n",
      "\n",
      "1\n",
      "      fpr     tpr\n",
      "1  0.3065  0.5918\n",
      "2  0.0588  0.3462\n",
      "3  0.3467  0.6389\n",
      "\n",
      "\n",
      "And loss is 0.4459\n",
      "\n",
      "\n",
      "Pre-adjustment group rates are \n",
      "\n",
      "0\n",
      "      fpr     tpr\n",
      "1  0.5000  0.7273\n",
      "2  0.0909  0.2727\n",
      "3  0.1364  0.5455\n",
      "\n",
      "1\n",
      "      fpr     tpr\n",
      "1  0.3065  0.6053\n",
      "2  0.0541  0.3462\n",
      "3  0.3438  0.6389\n",
      "\n",
      "\n",
      "And loss is 0.4586\n",
      "\n",
      "[0.33910992 0.31401125 0.34687882]\n",
      "[0.29672118 0.45649666 0.24678216]\n",
      "[0.16955498 0.2787602  0.55168482]\n",
      "[0.33910992 0.38820365 0.27268642]\n",
      "[0.21138537 0.45649666 0.33211797]\n",
      "[0.24884837 0.19946681 0.55168482]\n",
      "\n",
      "Pre-adjustment group rates are \n",
      "\n",
      "0\n",
      "      fpr     tpr\n",
      "1  0.5000  0.9000\n",
      "2  0.0476  0.2727\n",
      "3  0.0952  0.5455\n",
      "\n",
      "1\n",
      "      fpr     tpr\n",
      "1  0.3065  0.5897\n",
      "2  0.0533  0.3462\n",
      "3  0.3538  0.6389\n",
      "\n",
      "\n",
      "And loss is 0.4511\n",
      "\n",
      "[0.50755152 0.01062615 0.48182233]\n",
      "[0.35944999 0.28024071 0.3603093 ]\n",
      "[0.21945062 0.09520249 0.68534689]\n",
      "[0.50755152 0.07692017 0.4155283 ]\n",
      "[0.29762013 0.28024071 0.42213917]\n",
      "[0.28354988 0.03110323 0.68534689]\n",
      "\n",
      "Pre-adjustment group rates are \n",
      "\n",
      "0\n",
      "      fpr     tpr\n",
      "1  0.4500  0.7692\n",
      "2  0.0833  0.3333\n",
      "3  0.1364  0.5455\n",
      "\n",
      "1\n",
      "      fpr     tpr\n",
      "1  0.3115  0.5897\n",
      "2  0.0533  0.3200\n",
      "3  0.3594  0.6389\n",
      "\n",
      "\n",
      "And loss is 0.4511\n",
      "\n",
      "[0.58033233 0.08915633 0.33051133]\n",
      "[0.41912891 0.34216846 0.23870263]\n",
      "[0.34491272 0.13428155 0.52080573]\n",
      "[0.58033233 0.14794293 0.27172473]\n",
      "[0.33176186 0.34216846 0.32606968]\n",
      "[0.4106351  0.06855916 0.52080573]\n",
      "\n",
      "Pre-adjustment group rates are \n",
      "\n",
      "0\n",
      "      fpr     tpr\n",
      "1  0.3889  0.8000\n",
      "2  0.0769  0.4286\n",
      "3  0.1364  0.5455\n",
      "\n",
      "1\n",
      "      fpr     tpr\n",
      "1  0.3137  0.5918\n",
      "2  0.0588  0.3333\n",
      "3  0.3438  0.6389\n",
      "\n",
      "\n",
      "And loss is 0.4135\n",
      "\n",
      "[0.56502805 0.05201351 0.38295844]\n",
      "[0.33529627 0.33437256 0.33033117]\n",
      "[0.27674434 0.07092751 0.65232815]\n",
      "[0.56502805 0.082481   0.35249094]\n",
      "[0.25458735 0.33437256 0.41104008]\n",
      "[0.31823419 0.02943766 0.65232815]\n",
      "\n",
      "Pre-adjustment group rates are \n",
      "\n",
      "0\n",
      "      fpr     tpr\n",
      "1  0.6111  0.8000\n",
      "2  0.0833  0.1111\n",
      "3  0.1250  0.4444\n",
      "\n",
      "1\n",
      "      fpr     tpr\n",
      "1  0.3137  0.5918\n",
      "2  0.0641  0.3182\n",
      "3  0.3521  0.6207\n",
      "\n",
      "\n",
      "And loss is 0.4662\n",
      "\n",
      "[0.11773084 0.50606715 0.376202  ]\n",
      "[0.11446054 0.53830602 0.34723343]\n",
      "[0.06540603 0.35522249 0.57937149]\n",
      "[0.11773084 0.52686395 0.35540521]\n",
      "[0.07423039 0.53830602 0.38746358]\n",
      "[0.10184582 0.31878269 0.57937149]\n",
      "\n",
      "Pre-adjustment group rates are \n",
      "\n",
      "0\n",
      "      fpr     tpr\n",
      "1  0.5238  0.8000\n",
      "2  0.0800  0.2727\n",
      "3  0.1154  0.5000\n",
      "\n",
      "1\n",
      "      fpr     tpr\n",
      "1  0.2500  0.5918\n",
      "2  0.0704  0.3462\n",
      "3  0.3467  0.7273\n",
      "\n",
      "\n",
      "And loss is 0.4436\n",
      "\n",
      "[0.6744206  0.04270314 0.28287625]\n",
      "[0.53647093 0.17469466 0.2888344 ]\n",
      "[0.3372103  0.06405472 0.59873498]\n",
      "[0.6744206  0.05675961 0.26881979]\n",
      "[0.50866664 0.17469466 0.31663869]\n",
      "[0.36230652 0.0389585  0.59873498]\n",
      "\n",
      "Pre-adjustment group rates are \n",
      "\n",
      "0\n",
      "      fpr     tpr\n",
      "1  0.5000  0.8571\n",
      "2  0.0435  0.2727\n",
      "3  0.0800  0.6667\n",
      "\n",
      "1\n",
      "      fpr     tpr\n",
      "1  0.3158  0.5714\n",
      "2  0.0411  0.3462\n",
      "3  0.3676  0.6452\n",
      "\n",
      "\n",
      "And loss is 0.4436\n",
      "\n",
      "[0.61353141 0.08025907 0.30620952]\n",
      "[0.46649227 0.28396609 0.24954164]\n",
      "[0.42398861 0.082418   0.4935934 ]\n",
      "[0.61353141 0.11322939 0.2732392 ]\n",
      "[0.42177631 0.28396609 0.2942576 ]\n",
      "[0.46882763 0.03757897 0.4935934 ]\n",
      "\n",
      "Pre-adjustment group rates are \n",
      "\n",
      "0\n",
      "      fpr     tpr\n",
      "1  0.5000  0.7500\n",
      "2  0.0870  0.2727\n",
      "3  0.1304  0.5455\n",
      "\n",
      "1\n",
      "      fpr     tpr\n",
      "1  0.3115  0.6053\n",
      "2  0.0676  0.3200\n",
      "3  0.3333  0.6389\n",
      "\n",
      "\n",
      "And loss is 0.4586\n",
      "\n",
      "[0.34950601 0.08922408 0.56126991]\n",
      "[0.29655055 0.27594041 0.42750903]\n",
      "[0.16945746 0.11018787 0.72035466]\n",
      "[0.34950601 0.1415905  0.50890349]\n",
      "[0.24440365 0.27594041 0.47965593]\n",
      "[0.22508759 0.05455775 0.72035466]\n",
      "\n",
      "Pre-adjustment group rates are \n",
      "\n",
      "0\n",
      "     fpr   tpr\n",
      "1  0.500  0.80\n",
      "2  0.080  0.25\n",
      "3  0.087  0.60\n",
      "\n",
      "1\n",
      "      fpr     tpr\n",
      "1  0.3077  0.5918\n",
      "2  0.0595  0.4706\n",
      "3  0.3182  0.6286\n",
      "\n",
      "\n",
      "And loss is 0.4104\n",
      "\n",
      "[0.19882004 0.37383146 0.4273485 ]\n",
      "[0.18639379 0.52869437 0.28491185]\n",
