{
 "cells": [
  {
   "cell_type": "markdown",
   "metadata": {},
   "source": [
    "# Testing DEMV on Drug Dataset"
   ]
  },
  {
   "cell_type": "markdown",
   "metadata": {},
   "source": [
    "- Sensitive group: white women (`race: 1, gender: 0`)\n",
    "- Positive label: never (0)"
   ]
  },
  {
   "cell_type": "code",
   "execution_count": 1,
   "metadata": {},
   "outputs": [],
   "source": [
    "import pandas as pd\n",
    "import numpy as np\n",
    "\n",
    "from sklearn.linear_model import LogisticRegression\n",
    "from sklearn.preprocessing import StandardScaler\n",
    "from sklearn.pipeline import Pipeline\n",
    "\n",
    "from fairlearn.reductions import ExponentiatedGradient, BoundedGroupLoss, ZeroOneLoss, GridSearch\n",
    "\n",
    "import matplotlib.pyplot as plt\n",
    "import seaborn as sns\n",
    "\n",
    "from utils import *\n",
    "from demv import DEMV\n",
    "\n",
    "import warnings\n",
    "warnings.filterwarnings('ignore')\n",
    "\n",
    "sns.set_style('whitegrid')"
   ]
  },
  {
   "cell_type": "code",
   "execution_count": 2,
   "metadata": {},
   "outputs": [],
   "source": [
    "def prepare_data():\n",
    "  data = pd.read_csv('data2/drugs.csv')\n",
    "  data.drop(['yhat','a'], axis=1, inplace=True)\n",
    "  data.loc[data['gender']==0.48246,'gender']=1\n",
    "  data.loc[data['gender']==-0.48246,'gender']=0\n",
    "  data['y'].replace({\n",
    "    'never': 0,\n",
    "    'not last year': 1,\n",
    "    'last year': 2}, inplace=True)\n",
    "  data['race'].replace({\n",
    "    'non-white': 0,\n",
    "    'white': 1}, inplace=True)\n",
    "  string_cols = data.dtypes[data.dtypes == 'object'].index.values\n",
    "  data.drop(string_cols, axis=1, inplace=True)\n",
    "  return data\n"
   ]
  },
  {
   "cell_type": "code",
   "execution_count": 3,
   "metadata": {},
   "outputs": [],
   "source": [
    "data = prepare_data()"
   ]
  },
  {
   "cell_type": "code",
   "execution_count": 4,
   "metadata": {},
   "outputs": [
    {
     "data": {
      "text/html": [
       "<div>\n",
       "<style scoped>\n",
       "    .dataframe tbody tr th:only-of-type {\n",
       "        vertical-align: middle;\n",
       "    }\n",
       "\n",
       "    .dataframe tbody tr th {\n",
       "        vertical-align: top;\n",
       "    }\n",
       "\n",
       "    .dataframe thead th {\n",
       "        text-align: right;\n",
       "    }\n",
       "</style>\n",
       "<table border=\"1\" class=\"dataframe\">\n",
       "  <thead>\n",
       "    <tr style=\"text-align: right;\">\n",
       "      <th></th>\n",
       "      <th>id</th>\n",
       "      <th>age</th>\n",
       "      <th>gender</th>\n",
       "      <th>education</th>\n",
       "      <th>country</th>\n",
       "      <th>ethnicity</th>\n",
       "      <th>nscore</th>\n",
       "      <th>escore</th>\n",
       "      <th>oscore</th>\n",
       "      <th>ascore</th>\n",
       "      <th>cscore</th>\n",
       "      <th>impulsive</th>\n",
       "      <th>ss</th>\n",
       "      <th>y</th>\n",
       "      <th>race</th>\n",
       "    </tr>\n",
       "  </thead>\n",
       "  <tbody>\n",
       "    <tr>\n",
       "      <th>0</th>\n",
       "      <td>1</td>\n",
       "      <td>0.49788</td>\n",
       "      <td>1.0</td>\n",
       "      <td>-0.05921</td>\n",
       "      <td>0.96082</td>\n",
       "      <td>0.12600</td>\n",
       "      <td>0.31287</td>\n",
       "      <td>-0.57545</td>\n",
       "      <td>-0.58331</td>\n",
       "      <td>-0.91699</td>\n",
       "      <td>-0.00665</td>\n",
       "      <td>-0.21712</td>\n",
       "      <td>-1.18084</td>\n",
       "      <td>0</td>\n",
       "      <td>0</td>\n",
       "    </tr>\n",
       "    <tr>\n",
       "      <th>1</th>\n",
       "      <td>2</td>\n",
       "      <td>-0.07854</td>\n",
       "      <td>0.0</td>\n",
       "      <td>1.98437</td>\n",
       "      <td>0.96082</td>\n",
       "      <td>-0.31685</td>\n",
       "      <td>-0.67825</td>\n",
       "      <td>1.93886</td>\n",
       "      <td>1.43533</td>\n",
       "      <td>0.76096</td>\n",
       "      <td>-0.14277</td>\n",
       "      <td>-0.71126</td>\n",
       "      <td>-0.21575</td>\n",
       "      <td>2</td>\n",
       "      <td>1</td>\n",
       "    </tr>\n",
       "    <tr>\n",
       "      <th>2</th>\n",
       "      <td>3</td>\n",
       "      <td>0.49788</td>\n",
       "      <td>0.0</td>\n",
       "      <td>-0.05921</td>\n",
       "      <td>0.96082</td>\n",
       "      <td>-0.31685</td>\n",
       "      <td>-0.46725</td>\n",
       "      <td>0.80523</td>\n",
       "      <td>-0.84732</td>\n",
       "      <td>-1.62090</td>\n",
       "      <td>-1.01450</td>\n",
       "      <td>-1.37983</td>\n",
       "      <td>0.40148</td>\n",
       "      <td>2</td>\n",
       "      <td>1</td>\n",
       "    </tr>\n",
       "    <tr>\n",
       "      <th>3</th>\n",
       "      <td>4</td>\n",
       "      <td>-0.95197</td>\n",
       "      <td>1.0</td>\n",
       "      <td>1.16365</td>\n",
       "      <td>0.96082</td>\n",
       "      <td>-0.31685</td>\n",
       "      <td>-0.14882</td>\n",
       "      <td>-0.80615</td>\n",
       "      <td>-0.01928</td>\n",
       "      <td>0.59042</td>\n",
       "      <td>0.58489</td>\n",
       "      <td>-1.37983</td>\n",
       "      <td>-1.18084</td>\n",
       "      <td>1</td>\n",
       "      <td>1</td>\n",
       "    </tr>\n",
       "    <tr>\n",
       "      <th>4</th>\n",
       "      <td>5</td>\n",
       "      <td>0.49788</td>\n",
       "      <td>1.0</td>\n",
       "      <td>1.98437</td>\n",
       "      <td>0.96082</td>\n",
       "      <td>-0.31685</td>\n",
       "      <td>0.73545</td>\n",
       "      <td>-1.63340</td>\n",
       "      <td>-0.45174</td>\n",
       "      <td>-0.30172</td>\n",
       "      <td>1.30612</td>\n",
       "      <td>-0.21712</td>\n",
       "      <td>-0.21575</td>\n",
       "      <td>2</td>\n",
       "      <td>1</td>\n",
       "    </tr>\n",
       "    <tr>\n",
       "      <th>...</th>\n",
       "      <td>...</td>\n",
       "      <td>...</td>\n",
       "      <td>...</td>\n",
       "      <td>...</td>\n",
       "      <td>...</td>\n",
       "      <td>...</td>\n",
       "      <td>...</td>\n",
       "      <td>...</td>\n",
       "      <td>...</td>\n",
       "      <td>...</td>\n",
       "      <td>...</td>\n",
       "      <td>...</td>\n",
       "      <td>...</td>\n",
       "      <td>...</td>\n",
       "      <td>...</td>\n",
       "    </tr>\n",
       "    <tr>\n",
       "      <th>1880</th>\n",
       "      <td>1884</td>\n",
       "      <td>-0.95197</td>\n",
       "      <td>1.0</td>\n",
       "      <td>-0.61113</td>\n",
       "      <td>-0.57009</td>\n",
       "      <td>-0.31685</td>\n",
       "      <td>-1.19430</td>\n",
       "      <td>1.74091</td>\n",
       "      <td>1.88511</td>\n",
       "      <td>0.76096</td>\n",
       "      <td>-1.13788</td>\n",
       "      <td>0.88113</td>\n",
       "      <td>1.92173</td>\n",
       "      <td>2</td>\n",
       "      <td>1</td>\n",
       "    </tr>\n",
       "    <tr>\n",
       "      <th>1881</th>\n",
       "      <td>1885</td>\n",
       "      <td>-0.95197</td>\n",
       "      <td>0.0</td>\n",
       "      <td>-0.61113</td>\n",
       "      <td>-0.57009</td>\n",
       "      <td>-0.31685</td>\n",
       "      <td>-0.24649</td>\n",
       "      <td>1.74091</td>\n",
       "      <td>0.58331</td>\n",
       "      <td>0.76096</td>\n",
       "      <td>-1.51840</td>\n",
       "      <td>0.88113</td>\n",
       "      <td>0.76540</td>\n",
       "      <td>2</td>\n",
       "      <td>1</td>\n",
       "    </tr>\n",
       "    <tr>\n",
       "      <th>1882</th>\n",
       "      <td>1886</td>\n",
       "      <td>-0.07854</td>\n",
       "      <td>1.0</td>\n",
       "      <td>0.45468</td>\n",
       "      <td>-0.57009</td>\n",
       "      <td>-0.31685</td>\n",
       "      <td>1.13281</td>\n",
       "      <td>-1.37639</td>\n",
       "      <td>-1.27553</td>\n",
       "      <td>-1.77200</td>\n",
       "      <td>-1.38502</td>\n",
       "      <td>0.52975</td>\n",
       "      <td>-0.52593</td>\n",
       "      <td>2</td>\n",
       "      <td>1</td>\n",
       "    </tr>\n",
       "    <tr>\n",
       "      <th>1883</th>\n",
       "      <td>1887</td>\n",
       "      <td>-0.95197</td>\n",
       "      <td>1.0</td>\n",
       "      <td>-0.61113</td>\n",
       "      <td>-0.57009</td>\n",
       "      <td>-0.31685</td>\n",
       "      <td>0.91093</td>\n",
       "      <td>-1.92173</td>\n",
       "      <td>0.29338</td>\n",
       "      <td>-1.62090</td>\n",
       "      <td>-2.57309</td>\n",
       "      <td>1.29221</td>\n",
       "      <td>1.22470</td>\n",
       "      <td>2</td>\n",
       "      <td>1</td>\n",
       "    </tr>\n",
       "    <tr>\n",
       "      <th>1884</th>\n",
       "      <td>1888</td>\n",
       "      <td>-0.95197</td>\n",
       "      <td>0.0</td>\n",
       "      <td>-0.61113</td>\n",
       "      <td>0.21128</td>\n",
       "      <td>-0.31685</td>\n",
       "      <td>-0.46725</td>\n",
       "      <td>2.12700</td>\n",
       "      <td>1.65653</td>\n",
       "      <td>1.11406</td>\n",
       "      <td>0.41594</td>\n",
       "      <td>0.88113</td>\n",
       "      <td>1.22470</td>\n",
       "      <td>2</td>\n",
       "      <td>1</td>\n",
       "    </tr>\n",
       "  </tbody>\n",
       "</table>\n",
       "<p>1885 rows × 15 columns</p>\n",
       "</div>"
      ],
      "text/plain": [
       "        id      age  gender  education  country  ethnicity   nscore   escore  \\\n",
       "0        1  0.49788     1.0   -0.05921  0.96082    0.12600  0.31287 -0.57545   \n",
       "1        2 -0.07854     0.0    1.98437  0.96082   -0.31685 -0.67825  1.93886   \n",
       "2        3  0.49788     0.0   -0.05921  0.96082   -0.31685 -0.46725  0.80523   \n",
       "3        4 -0.95197     1.0    1.16365  0.96082   -0.31685 -0.14882 -0.80615   \n",
       "4        5  0.49788     1.0    1.98437  0.96082   -0.31685  0.73545 -1.63340   \n",
       "...    ...      ...     ...        ...      ...        ...      ...      ...   \n",
       "1880  1884 -0.95197     1.0   -0.61113 -0.57009   -0.31685 -1.19430  1.74091   \n",
       "1881  1885 -0.95197     0.0   -0.61113 -0.57009   -0.31685 -0.24649  1.74091   \n",
       "1882  1886 -0.07854     1.0    0.45468 -0.57009   -0.31685  1.13281 -1.37639   \n",
       "1883  1887 -0.95197     1.0   -0.61113 -0.57009   -0.31685  0.91093 -1.92173   \n",
       "1884  1888 -0.95197     0.0   -0.61113  0.21128   -0.31685 -0.46725  2.12700   \n",
       "\n",
       "       oscore   ascore   cscore  impulsive       ss  y  race  \n",
       "0    -0.58331 -0.91699 -0.00665   -0.21712 -1.18084  0     0  \n",
       "1     1.43533  0.76096 -0.14277   -0.71126 -0.21575  2     1  \n",
       "2    -0.84732 -1.62090 -1.01450   -1.37983  0.40148  2     1  \n",
       "3    -0.01928  0.59042  0.58489   -1.37983 -1.18084  1     1  \n",
       "4    -0.45174 -0.30172  1.30612   -0.21712 -0.21575  2     1  \n",
       "...       ...      ...      ...        ...      ... ..   ...  \n",
       "1880  1.88511  0.76096 -1.13788    0.88113  1.92173  2     1  \n",
       "1881  0.58331  0.76096 -1.51840    0.88113  0.76540  2     1  \n",
       "1882 -1.27553 -1.77200 -1.38502    0.52975 -0.52593  2     1  \n",
       "1883  0.29338 -1.62090 -2.57309    1.29221  1.22470  2     1  \n",
       "1884  1.65653  1.11406  0.41594    0.88113  1.22470  2     1  \n",
       "\n",
       "[1885 rows x 15 columns]"
      ]
     },
     "execution_count": 4,
     "metadata": {},
     "output_type": "execute_result"
    }
   ],
   "source": [
    "data"
   ]
  },
  {
   "cell_type": "code",
   "execution_count": 5,
   "metadata": {},
   "outputs": [],
   "source": [
    "label = 'y'\n",
    "protected_group = {'race': 1, 'gender': 0}\n",
    "positive_label = 0\n",
    "sensitive_features = ['race', 'gender']"
   ]
  },
  {
   "cell_type": "code",
   "execution_count": 6,
   "metadata": {},
   "outputs": [],
   "source": [
    "pipeline = Pipeline([\n",
    "    ('scaler', StandardScaler()),\n",
    "    ('classifier', LogisticRegression(n_jobs=-1))\n",
    "])"
   ]
  },
  {
   "cell_type": "markdown",
   "metadata": {},
   "source": [
    "## Biased classifier"
   ]
  },
  {
   "cell_type": "code",
   "execution_count": 7,
   "metadata": {},
   "outputs": [
    {
     "name": "stdout",
     "output_type": "stream",
     "text": [
      "Statistical parity:  -0.299  +-  0.052\n",
      "Disparate impact:  0.142  +-  0.081\n",
      "Zero one loss:  0.335  +-  0.098\n",
      "F1 score:  0.67  +-  0.023\n",
      "Accuracy score:  0.68  +-  0.025\n"
     ]
    }
   ],
   "source": [
    "model, lr_bias = cross_val(pipeline, data, label, protected_group, sensitive_features, positive_label)\n",
    "print_metrics(lr_bias)"
   ]
  },
  {
   "cell_type": "markdown",
   "metadata": {},
   "source": [
    "## DEMV application"
   ]
  },
  {
   "cell_type": "code",
   "execution_count": 8,
   "metadata": {},
   "outputs": [],
   "source": [
    "demv = DEMV(round_level=1)\n",
    "demv_data = data.copy()"
   ]
  },
  {
   "cell_type": "code",
   "execution_count": 9,
   "metadata": {},
   "outputs": [
    {
     "name": "stdout",
     "output_type": "stream",
     "text": [
      "Statistical parity:  -0.147  +-  0.05\n",
      "Disparate impact:  0.492  +-  0.138\n",
      "Zero one loss:  0.334  +-  0.115\n",
      "F1 score:  0.663  +-  0.027\n",
      "Accuracy score:  0.674  +-  0.027\n"
     ]
    }
   ],
   "source": [
    "model, lr_demv = cross_val(pipeline, demv_data, label, protected_group, sensitive_features, debiaser=demv, positive_label=positive_label)\n",
    "print_metrics(lr_demv)"
   ]
  },
  {
   "cell_type": "markdown",
   "metadata": {},
   "source": [
    "## DEMV Evaluation"
   ]
  },
  {
   "cell_type": "code",
   "execution_count": 10,
   "metadata": {},
   "outputs": [
    {
     "data": {
      "text/plain": [
       "89"
      ]
     },
     "execution_count": 10,
     "metadata": {},
     "output_type": "execute_result"
    }
   ],
   "source": [
    "demv.get_iters()"
   ]
  },
  {
   "cell_type": "code",
   "execution_count": 11,
   "metadata": {},
   "outputs": [],
   "source": [
    "metrics = eval_demv(17, 89, data.copy(), pipeline, label, protected_group, sensitive_features, positive_label=positive_label)"
   ]
  },
  {
   "cell_type": "markdown",
   "metadata": {},
   "source": [
    "##  Blackbox Postprocessing"
   ]
  },
  {
   "cell_type": "code",
   "execution_count": 12,
   "metadata": {},
   "outputs": [
    {
     "name": "stdout",
     "output_type": "stream",
     "text": [
      "\n",
      "Pre-adjustment group rates are \n",
      "\n",
      "0\n",
      "      fpr     tpr\n",
      "0  0.2113  0.6098\n",
      "1  0.1829  0.3333\n",
      "2  0.1549  0.8780\n",
      "\n",
      "1\n",
      "      fpr     tpr\n",
      "0  0.0484  0.4000\n",
      "1  0.1194  0.5000\n",
      "2  0.2400  0.9423\n",
      "\n",
      "\n",
      "And loss is 0.3069\n",
      "\n",
      "\n",
      "Pre-adjustment group rates are \n",
      "\n",
      "0\n",
      "      fpr     tpr\n",
      "0  0.2154  0.5714\n",
      "1  0.1757  0.3462\n",
      "2  0.1311  0.9231\n",
      "\n",
      "1\n",
      "      fpr     tpr\n",
      "0  0.0508  0.3636\n",
      "1  0.1148  0.5556\n",
      "2  0.2000  0.9400\n",
      "\n",
      "\n",
      "And loss is 0.2882\n",
      "\n",
      "[0.57142857 0.39107721 0.03749421]\n",
      "[0.5        0.45284435 0.04715564]\n",
      "[0.02564103 0.77878164 0.19557734]\n",
      "[0.57142857 0.39074215 0.03782927]\n",
      "[0.50091987 0.45284435 0.04623578]\n",
      "[0.16398827 0.64043439 0.19557734]\n",
      "\n",
      "Pre-adjustment group rates are \n",
      "\n",
      "0\n",
      "      fpr     tpr\n",
      "0  0.1940  0.6786\n",
      "1  0.1304  0.3462\n",
      "2  0.1667  0.8780\n",
      "\n",
      "1\n",
      "      fpr     tpr\n",
      "0  0.0484  0.3846\n",
      "1  0.1077  0.5000\n",
      "2  0.2609  0.9423\n",
      "\n",
      "\n",
      "And loss is 0.2765\n",
      "\n",
      "[0.47514222 0.47562279 0.049235  ]\n",
      "[0.32317365 0.62334198 0.05348437]\n",
      "[0.01707828 0.79768561 0.18523611]\n",
      "[0.47514222 0.47949383 0.04536395]\n",
      "[0.31768488 0.62334198 0.05897314]\n",
      "[0.10089554 0.71386835 0.18523611]\n",
      "\n",
      "Pre-adjustment group rates are \n",
      "\n",
      "0\n",
      "      fpr     tpr\n",
      "0  0.2154  0.5789\n",
      "1  0.1948  0.3077\n",
      "2  0.1562  0.8718\n",
      "\n",
      "1\n",
      "      fpr     tpr\n",
      "0  0.0566  0.4286\n",
      "1  0.1148  0.3333\n",
      "2  0.2500  0.9362\n",
      "\n",
      "\n",
      "And loss is 0.3176\n",
      "\n",
      "[0.58702428 0.38059179 0.03238393]\n",
      "[0.50858525 0.44904913 0.04236562]\n",
      "[0.02850278 0.83504484 0.13645238]\n",
      "[0.58702428 0.3817423  0.03123342]\n",
      "[0.50236555 0.44904913 0.04858532]\n",
      "[0.18455749 0.67899012 0.13645238]\n",
      "\n",
      "Pre-adjustment group rates are \n",
      "\n",
      "0\n",
      "      fpr     tpr\n",
      "0  0.2188  0.6316\n",
      "1  0.1688  0.2400\n",
      "2  0.1587  0.8974\n",
      "\n",
      "1\n",
      "      fpr     tpr\n",
      "0  0.0556  0.4286\n",
      "1  0.1017  0.4444\n",
      "2  0.2609  0.9556\n",
      "\n",
      "\n",
      "And loss is 0.3059\n",
      "\n",
      "[0.73786228 0.19693227 0.06520545]\n",
      "[0.6169304  0.27728323 0.10578637]\n",
      "[0.05670847 0.64545972 0.29783181]\n",
      "[0.73786228 0.19534819 0.06678953]\n",
      "[0.61882195 0.27728323 0.10389482]\n",
      "[0.2068898  0.49527839 0.29783181]\n",
      "\n",
      "Pre-adjustment group rates are \n",
      "\n",
      "0\n",
      "      fpr     tpr\n",
      "0  0.2295  0.6000\n",
      "1  0.1918  0.3571\n",
      "2  0.1471  0.8788\n",
      "\n",
      "1\n",
      "      fpr     tpr\n",
      "0  0.0545  0.4286\n",
      "1  0.1356  0.5000\n",
      "2  0.2083  0.9333\n",
      "\n",
      "\n",
      "And loss is 0.3176\n",
      "\n",
      "[0.6        0.35034047 0.04965953]\n",
      "[0.46428571 0.46652885 0.06918543]\n",
      "[0.03030303 0.71120272 0.25849425]\n",
      "[0.6        0.36043455 0.03956545]\n",
      "[0.45038371 0.46652885 0.08308744]\n",
      "[0.18042475 0.561081   0.25849425]\n",
      "\n",
      "Pre-adjustment group rates are \n",
      "\n",
      "0\n",
      "      fpr     tpr\n",
      "0  0.2188  0.6098\n",
      "1  0.1974  0.3448\n",
      "2  0.1571  0.8571\n",
      "\n",
      "1\n",
      "      fpr     tpr\n",
      "0  0.0392  0.4286\n",
      "1  0.1273  0.5000\n",
      "2  0.2500  0.9512\n",
      "\n",
      "\n",
      "And loss is 0.3235\n",
      "\n",
      "[0.60821338 0.32885491 0.06293171]\n",
      "[0.4471417  0.45623238 0.09662592]\n",
      "[0.02849914 0.67894096 0.2925599 ]\n",
      "[0.60821338 0.32588027 0.06590635]\n",
      "[0.45149873 0.45623238 0.09226889]\n",
      "[0.16129358 0.54614652 0.2925599 ]\n",
      "\n",
      "Pre-adjustment group rates are \n",
      "\n",
      "0\n",
      "      fpr     tpr\n",
      "0  0.1967  0.6250\n",
      "1  0.1867  0.3846\n",
      "2  0.1515  0.8571\n",
      "\n",
      "1\n",
      "      fpr     tpr\n",
      "0  0.0545  0.4286\n",
      "1  0.1333  0.5556\n",
      "2  0.1739  0.9348\n",
      "\n",
      "\n",
      "And loss is 0.3000\n",
      "\n",
      "[0.52903071 0.42702879 0.0439405 ]\n",
      "[0.3581131  0.57688211 0.0650048 ]\n",
      "[0.02418426 0.69503351 0.28078223]\n",
      "[0.52903071 0.42805905 0.04291024]\n",
      "[0.35636863 0.57688211 0.06674926]\n",
      "[0.12936923 0.58984854 0.28078223]\n",
      "\n",
      "Pre-adjustment group rates are \n",
      "\n",
      "0\n",
      "      fpr     tpr\n",
      "0  0.2131  0.5946\n",
      "1  0.2143  0.3214\n",
      "2  0.1538  0.8788\n",
      "\n",
      "1\n",
      "      fpr     tpr\n",
      "0  0.0526  0.4000\n",
      "1  0.1290  0.5000\n",
      "2  0.2400  0.9362\n",
      "\n",
      "\n",
      "And loss is 0.3235\n",
      "\n",
      "[0.59459459 0.36176847 0.04363694]\n",
      "[0.46428571 0.46554712 0.07016717]\n",
      "[4.24775191e-10 7.85206104e-01 2.14793895e-01]\n",
      "[0.59459459 0.35951762 0.04588779]\n",
      "[0.4656212  0.46554712 0.06883168]\n",
      "[0.15938998 0.62581613 0.2147939 ]\n",
      "\n",
      "Pre-adjustment group rates are \n",
      "\n",
      "0\n",
      "      fpr     tpr\n",
      "0  0.1791  0.6364\n",
      "1  0.1644  0.3704\n",
      "2  0.1667  0.8750\n",
      "\n",
      "1\n",
      "      fpr     tpr\n",
      "0  0.0175  0.3077\n",
      "1  0.1270  0.5714\n",
      "2  0.3000  0.9400\n",
      "\n",
      "\n",
      "And loss is 0.2882\n",
      "\n",
      "[0.56608809 0.35497928 0.07893263]\n",
      "[0.36241619 0.54273464 0.09484917]\n",
      "[0.02223919 0.70799633 0.26976448]\n",
      "[0.56608809 0.36768492 0.06622699]\n",
      "[0.33427241 0.54273464 0.12299295]\n",
      "[0.13483287 0.59540265 0.26976448]\n",
      "\n",
      "Pre-adjustment group rates are \n",
      "\n",
      "0\n",
      "      fpr     tpr\n",
      "0  0.2344  0.5897\n",
      "1  0.2027  0.3103\n",
      "2  0.1618  0.8571\n",
      "\n",
      "1\n",
      "      fpr     tpr\n",
      "0  0.0545  0.3846\n",
      "1  0.1034  0.5000\n",
      "2  0.2609  0.9556\n",
      "\n",
      "\n",
      "And loss is 0.3275\n",
      "\n",
      "[0.58974359 0.35735011 0.0529063 ]\n",
      "[0.48275862 0.44209613 0.07514525]\n",
      "[0.02857143 0.74289426 0.22853431]\n",
      "[0.58974359 0.35506476 0.05519165]\n",
      "[0.48615473 0.44209613 0.07174915]\n",
      "[0.17842395 0.59304174 0.22853431]\n",
      "\n",
      "Pre-adjustment group rates are \n",
      "\n",
      "0\n",
      "      fpr     tpr\n",
      "0  0.2206  0.6957\n",
      "1  0.1964  0.4000\n",
      "2  0.1724  0.7576\n",
      "\n",
      "1\n",
      "      fpr     tpr\n",
      "0  0.0112  0.1111\n",
      "1  0.1625  0.4444\n",
      "2  0.4074  0.9014\n",
      "\n",
      "\n",
      "And loss is 0.3228\n",
      "\n",
      "\n",
      "Pre-adjustment group rates are \n",
      "\n",
      "0\n",
      "      fpr     tpr\n",
      "0  0.2131  0.7647\n",
      "1  0.1429  0.4138\n",
      "2  0.1739  0.7812\n",
      "\n",
      "1\n",
      "      fpr     tpr\n",
      "0  0.0000  0.1429\n",
      "1  0.1299  0.4667\n",
      "2  0.4545  0.9143\n",
      "\n",
      "\n",
      "And loss is 0.2824\n",
      "\n",
      "[0.31139932 0.6452     0.04340069]\n",
      "[0.14041879 0.73561325 0.12396796]\n",
      "[0.03817636 0.77236095 0.18946269]\n",
      "[0.31139932 0.62939359 0.05920709]\n",
      "[0.15386685 0.73561325 0.1105199 ]\n",
      "[0.0724084  0.73812891 0.18946269]\n",
      "\n",
      "Pre-adjustment group rates are \n",
      "\n",
      "0\n",
      "      fpr     tpr\n",
      "0  0.2241  0.6818\n",
      "1  0.2075  0.3333\n",
      "2  0.1837  0.7419\n",
      "\n",
      "1\n",
      "      fpr     tpr\n",
      "0  0.0120  0.1429\n",
      "1  0.1184  0.3571\n",
      "2  0.4762  0.9275\n",
      "\n",
      "\n",
      "And loss is 0.3118\n",
      "\n",
      "[0.72864594 0.16768824 0.10366583]\n",
      "[0.52177711 0.26435812 0.21386477]\n",
      "[0.18680435 0.49299701 0.32019864]\n",
      "[0.72864594 0.17272145 0.09863262]\n",
      "[0.53837665 0.26435812 0.19726523]\n",
      "[0.30304554 0.37675582 0.32019864]\n",
      "\n",
      "Pre-adjustment group rates are \n",
      "\n",
      "0\n",
      "      fpr     tpr\n",
      "0  0.2333  0.6667\n",
      "1  0.2083  0.3939\n",
      "2  0.1667  0.7778\n",
      "\n",
      "1\n",
      "      fpr     tpr\n",
      "0  0.0123  0.1250\n",
      "1  0.1528  0.4118\n",
      "2  0.4000  0.9219\n",
      "\n",
      "\n",
      "And loss is 0.3235\n",
      "\n",
      "[0.83093717 0.11156055 0.05750229]\n",
      "[0.59013054 0.2838151  0.12605437]\n",
      "[0.15925137 0.6116737  0.22907493]\n",
      "[0.83093717 0.13800183 0.03106101]\n",
      "[0.5846324 0.2838151 0.1315525]\n",
      "[0.34619183 0.42473324 0.22907493]\n",
      "\n",
      "Pre-adjustment group rates are \n",
      "\n",
      "0\n",
      "      fpr     tpr\n",
      "0  0.2069  0.6957\n",
      "1  0.1800  0.3871\n",
      "2  0.1852  0.8148\n",
      "\n",
      "1\n",
      "      fpr     tpr\n",
      "0  0.0123  0.1250\n",
      "1  0.1528  0.4118\n",
      "2  0.4400  0.9062\n",
      "\n",
      "\n",
      "And loss is 0.3176\n",
      "\n",
      "[0.7855776  0.13733524 0.07708716]\n",
      "[0.56601703 0.2470532  0.18692977]\n",
      "[0.14681967 0.56452951 0.28865083]\n",
      "[0.7855776  0.13479458 0.07962781]\n",
      "[0.58432319 0.2470532  0.16862361]\n",
      "[0.31417584 0.39717334 0.28865083]\n",
      "\n",
      "Pre-adjustment group rates are \n",
      "\n",
      "0\n",
      "      fpr     tpr\n",
      "0  0.2344  0.6957\n",
      "1  0.2075  0.4118\n",
      "2  0.1579  0.7333\n",
      "\n",
      "1\n",
      "      fpr     tpr\n",
      "0  0.0133  0.1250\n",
      "1  0.1970  0.4706\n",
      "2  0.3600  0.8793\n",
      "\n",
      "\n",
      "And loss is 0.3412\n",
      "\n",
      "[0.87511337 0.04357445 0.08131218]\n",
      "[0.63620836 0.18025746 0.18353418]\n",
      "[0.21465577 0.49976353 0.2855807 ]\n",
      "[0.87511337 0.04788089 0.07700574]\n",
      "[0.64673538 0.18025746 0.17300716]\n",
      "[0.37760202 0.33681728 0.2855807 ]\n",
      "\n",
      "Pre-adjustment group rates are \n",
      "\n",
      "0\n",
      "      fpr     tpr\n",
      "0  0.2239  0.7143\n",
      "1  0.2075  0.4000\n",
      "2  0.1607  0.7500\n",
      "\n",
      "1\n",
      "      fpr     tpr\n",
      "0  0.0137  0.1111\n",
      "1  0.1940  0.5333\n",
      "2  0.3333  0.8793\n",
      "\n",
      "\n",
      "And loss is 0.3353\n",
      "\n",
      "[0.62666573 0.33912742 0.03420685]\n",
      "[0.5321864  0.41992402 0.04788958]\n",
      "[0.18678266 0.79451046 0.01870688]\n",
      "[0.62666573 0.32639878 0.04693549]\n",
      "[0.53982359 0.41992402 0.04025239]\n",
      "[0.32257793 0.65871519 0.01870688]\n",
      "\n",
      "Pre-adjustment group rates are \n",
      "\n",
      "0\n",
      "      fpr     tpr\n",
      "0  0.2258  0.8000\n",
      "1  0.1633  0.3939\n",
      "2  0.1698  0.7586\n",
      "\n",
      "1\n",
      "      fpr     tpr\n",
      "0  0.0123  0.1429\n",
      "1  0.1549  0.4118\n",
      "2  0.4583  0.8906\n",
      "\n",
      "\n",
      "And loss is 0.3176\n",
      "\n",
      "[0.58681378 0.27322334 0.13996288]\n",
      "[0.32285016 0.27445361 0.40269623]\n",
      "[0.07806069 0.53946238 0.38247693]\n",
      "[0.58681378 0.14811782 0.2650684 ]\n",
      "[0.40614881 0.27445361 0.31939758]\n",
      "[0.15581205 0.46171102 0.38247693]\n",
      "\n",
      "Pre-adjustment group rates are \n",
      "\n",
      "0\n",
      "      fpr     tpr\n",
      "0  0.2222  0.6111\n",
      "1  0.2292  0.3939\n",
      "2  0.1961  0.7333\n",
      "\n",
      "1\n",
      "      fpr     tpr\n",
      "0  0.0125  0.1111\n",
      "1  0.1781  0.4375\n",
      "2  0.4000  0.8906\n",
      "\n",
      "\n",
      "And loss is 0.3471\n",
      "\n",
      "[0.8559784  0.14210648 0.00191512]\n",
      "[0.67599341 0.31980681 0.00419978]\n",
      "[0.25059142 0.7418529  0.00755568]\n",
      "[0.8559784  0.14213636 0.00188524]\n",
      "[0.6759514  0.31980681 0.00424179]\n",
      "[0.42278844 0.56965588 0.00755568]\n",
      "\n",
      "Pre-adjustment group rates are \n",
      "\n",
      "0\n",
      "      fpr     tpr\n",
      "0  0.1864  0.6500\n",
      "1  0.2157  0.4286\n",
      "2  0.1875  0.7419\n",
      "\n",
      "1\n",
      "      fpr     tpr\n",
      "0  0.0122  0.1111\n",
      "1  0.1781  0.4444\n",
      "2  0.4074  0.8906\n",
      "\n",
      "\n",
      "And loss is 0.3294\n",
      "\n",
      "[0.8218353  0.11461033 0.06355436]\n",
      "[0.61070799 0.23083779 0.15845421]\n",
      "[0.22041365 0.51963393 0.25995242]\n",
      "[0.8218353  0.11330327 0.06486142]\n",
      "[0.623224   0.23083779 0.1459382 ]\n",
      "[0.34444204 0.39560554 0.25995242]\n",
      "\n",
      "Pre-adjustment group rates are \n",
      "\n",
      "0\n",
      "      fpr     tpr\n",
      "0  0.2333  0.6818\n",
      "1  0.2000  0.4375\n",
      "2  0.1481  0.7500\n",
      "\n",
      "1\n",
      "      fpr     tpr\n",
      "0  0.0125  0.1111\n",
      "1  0.1644  0.4375\n",
      "2  0.4000  0.9062\n",
      "\n",
      "\n",
      "And loss is 0.3216\n",
      "\n",
      "[0.85299855 0.107107   0.03989446]\n",
      "[0.66571125 0.24228777 0.09200098]\n",
      "[0.21259523 0.62706105 0.16034371]\n",
      "[0.85299855 0.10768345 0.039318  ]\n",
      "[0.66924673 0.24228777 0.0884655 ]\n",
      "[0.4005097  0.43914659 0.16034371]\n",
      "\n",
      "Pre-adjustment group rates are \n",
      "\n",
      "0\n",
      "      fpr     tpr\n",
      "0  0.2545  0.4167\n",
      "1  0.1852  0.2800\n",
      "2  0.2653  0.8333\n",
      "\n",
      "1\n",
      "      fpr     tpr\n",
      "0  0.0211  0.5333\n",
      "1  0.1124  0.5238\n",
      "2  0.3056  0.9189\n",
      "\n",
      "\n",
      "And loss is 0.3175\n",
      "\n",
      "\n",
      "Pre-adjustment group rates are \n",
      "\n",
      "0\n",
      "      fpr     tpr\n",
      "0  0.1837  0.4286\n",
      "1  0.1837  0.3333\n",
      "2  0.2857  0.8571\n",
      "\n",
      "1\n",
      "      fpr     tpr\n",
      "0  0.0222  0.7000\n",
      "1  0.0625  0.5000\n",
      "2  0.3333  0.9429\n",
      "\n",
      "\n",
      "And loss is 0.2765\n",
      "\n",
      "[0.75494529 0.14965197 0.09540273]\n",
      "[0.6597072  0.20951276 0.13078004]\n",
      "[0.14136583 0.5387471  0.31988707]\n",
      "[0.75494529 0.21112729 0.03392742]\n",
      "[0.63781386 0.20951276 0.15267337]\n",
      "[0.2851402  0.39497273 0.31988707]\n",
      "\n",
      "Pre-adjustment group rates are \n",
      "\n",
      "0\n",
      "      fpr     tpr\n",
      "0  0.2745  0.3684\n",
      "1  0.1522  0.2500\n",
      "2  0.3023  0.8519\n",
      "\n",
      "1\n",
      "      fpr     tpr\n",
      "0  0.0112  0.5455\n",
      "1  0.0952  0.5000\n",
      "2  0.3704  0.9178\n",
      "\n",
      "\n",
      "And loss is 0.3118\n",
      "\n",
      "[0.5543303  0.36842105 0.07724865]\n",
      "[0.47170093 0.45833333 0.06996574]\n",
      "[0.70753349 0.11111111 0.1813554 ]\n",
      "[0.5543303  0.40974312 0.03592658]\n",
      "[0.44286858 0.45833333 0.09879809]\n",
      "[0.63023782 0.18840678 0.1813554 ]\n",
      "\n",
      "Pre-adjustment group rates are \n",
      "\n",
      "0\n",
      "      fpr     tpr\n",
      "0  0.2200  0.4348\n",
      "1  0.1698  0.3500\n",
      "2  0.2558  0.8333\n",
      "\n",
      "1\n",
      "      fpr     tpr\n",
      "0  0.0120  0.5000\n",
      "1  0.0886  0.5556\n",
      "2  0.2812  0.9692\n",
      "\n",
      "\n",
      "And loss is 0.2824\n",
      "\n",
      "[0.43478261 0.51525296 0.04996443]\n",
      "[0.4        0.55211742 0.04788258]\n",
      "[0.1        0.74039142 0.15960858]\n",
      "[0.43478261 0.53798974 0.02722765]\n",
      "[0.38195542 0.55211742 0.06592716]\n",
      "[0.17515081 0.66524062 0.15960858]\n",
      "\n",
      "Pre-adjustment group rates are \n",
      "\n",
      "0\n",
      "      fpr     tpr\n",
      "0  0.2500  0.4762\n",
      "1  0.1600  0.2609\n",
      "2  0.2727  0.8276\n",
      "\n",
      "1\n",
      "      fpr     tpr\n",
      "0  0.0244  0.5333\n",
      "1  0.1250  0.4706\n",
      "2  0.3125  0.9077\n",
      "\n",
      "\n",
      "And loss is 0.3235\n",
      "\n",
      "[0.68209572 0.29937306 0.01853122]\n",
      "[0.62278305 0.35390489 0.02331207]\n",
      "[0.15505114 0.78386393 0.06108493]\n",
      "[0.68209572 0.30893136 0.00897293]\n",
      "[0.61442596 0.35390489 0.03166915]\n",
      "[0.29589582 0.64301925 0.06108493]\n",
      "\n",
      "Pre-adjustment group rates are \n",
      "\n",
      "0\n",
      "      fpr     tpr\n",
      "0  0.2800  0.3913\n",
      "1  0.2000  0.2609\n",
      "2  0.2609  0.8148\n",
      "\n",
      "1\n",
      "      fpr     tpr\n",
      "0  0.0244  0.5333\n",
      "1  0.1282  0.5789\n",
      "2  0.2647  0.9048\n",
      "\n",
      "\n",
      "And loss is 0.3353\n",
      "\n",
      "[0.34782609 0.60212336 0.05005056]\n",
      "[0.26086957 0.68907988 0.05005056]\n",
      "[0.07407407 0.76959518 0.15633075]\n",
      "[0.34782609 0.62360314 0.02857078]\n",
      "[0.24391184 0.68907988 0.06700828]\n",
      "[0.13469325 0.708976   0.15633075]\n",
      "\n",
      "Pre-adjustment group rates are \n",
      "\n",
      "0\n",
      "      fpr     tpr\n",
      "0  0.2708  0.4545\n",
      "1  0.2174  0.2917\n",
      "2  0.2174  0.8333\n",
      "\n",
      "1\n",
      "      fpr     tpr\n",
      "0  0.0235  0.5333\n",
      "1  0.1266  0.5238\n",
      "2  0.3056  0.9062\n",
      "\n",
      "\n",
      "And loss is 0.3294\n",
      "\n",
      "[0.75944758 0.19879779 0.04175462]\n",
      "[0.69077631 0.25595411 0.05326958]\n",
      "[0.15589872 0.70244227 0.14165901]\n",
      "[0.75944758 0.21971063 0.02084179]\n",
      "[0.67705444 0.25595411 0.06699145]\n",
      "[0.34008665 0.51825434 0.14165901]\n",
      "\n",
      "Pre-adjustment group rates are \n",
      "\n",
      "0\n",
      "      fpr     tpr\n",
      "0  0.2857  0.4286\n",
      "1  0.1957  0.2917\n",
      "2  0.2444  0.8000\n",
      "\n",
      "1\n",
      "      fpr     tpr\n",
      "0  0.0235  0.5333\n",
      "1  0.1250  0.5500\n",
      "2  0.2857  0.9077\n",
      "\n",
      "\n",
      "And loss is 0.3294\n",
      "\n",
      "[0.33333333 0.64870916 0.01795751]\n",
      "[0.29166667 0.68946691 0.01886642]\n",
      "[0.08       0.86141035 0.05858965]\n",
      "[0.33333333 0.65806028 0.00860639]\n",
      "[0.28471392 0.68946691 0.02581917]\n",
      "[0.1525841  0.78882625 0.05858965]\n",
      "\n",
      "Pre-adjustment group rates are \n",
      "\n",
      "0\n",
      "      fpr     tpr\n",
      "0  0.2444  0.4348\n",
      "1  0.1667  0.2500\n",
      "2  0.2791  0.8800\n",
      "\n",
      "1\n",
      "      fpr     tpr\n",
      "0  0.0230  0.5333\n",
      "1  0.1235  0.5238\n",
      "2  0.3056  0.9091\n",
      "\n",
      "\n",
      "And loss is 0.3176\n",
      "\n",
      "[0.71481036 0.19934341 0.08584624]\n",
      "[0.67482872 0.22706893 0.09810235]\n",
      "[0.11552511 0.61210438 0.27237051]\n",
      "[0.71481036 0.24524197 0.03994768]\n",
      "[0.64452783 0.22706893 0.12840324]\n",
      "[0.27487888 0.45275061 0.27237051]\n",
      "\n",
      "Pre-adjustment group rates are \n",
      "\n",
      "0\n",
      "      fpr     tpr\n",
      "0  0.2549  0.3333\n",
      "1  0.2041  0.2609\n",
      "2  0.2955  0.8214\n",
      "\n",
      "1\n",
      "      fpr     tpr\n",
      "0  0.0233  0.5000\n",
      "1  0.1250  0.5000\n",
      "2  0.3000  0.9118\n",
      "\n",
      "\n",
      "And loss is 0.3353\n",
      "\n",
      "[0.38095238 0.54793938 0.07110824]\n",
      "[0.26086957 0.6633847  0.07574574]\n",
      "[0.07142857 0.72413523 0.2044362 ]\n",
      "[0.38095238 0.5911764  0.02787122]\n",
      "[0.23264213 0.6633847  0.10397317]\n",
      "[0.1368035  0.65876031 0.2044362 ]\n",
      "\n",
      "Pre-adjustment group rates are \n",
      "\n",
      "0\n",
      "      fpr     tpr\n",
      "0  0.2800  0.4091\n",
      "1  0.2041  0.2609\n",
      "2  0.2444  0.8148\n",
      "\n",
      "1\n",
      "      fpr     tpr\n",
      "0  0.0233  0.4615\n",
      "1  0.1250  0.5263\n",
      "2  0.3125  0.9104\n",
      "\n",
      "\n",
      "And loss is 0.3333\n",
      "\n",
      "[0.36363636 0.57883389 0.05752975]\n",
      "[0.26086957 0.6729312  0.06619923]\n",
      "[0.07407407 0.74540725 0.18051868]\n",
      "[0.36363636 0.60585985 0.03050379]\n",
      "[0.24358475 0.6729312  0.08348405]\n",
      "[0.13629686 0.68318446 0.18051868]\n",
      "\n",
      "Pre-adjustment group rates are \n",
      "\n",
      "0\n",
      "      fpr     tpr\n",
      "0  0.2632  0.6667\n",
      "1  0.1875  0.1579\n",
      "2  0.1803  0.7105\n",
      "\n",
      "1\n",
      "      fpr     tpr\n",
      "0  0.0130  0.4615\n",
      "1  0.0735  0.3182\n",
      "2  0.5429  0.9455\n",
      "\n",
      "\n",
      "And loss is 0.3492\n",
      "\n",
      "\n",
      "Pre-adjustment group rates are \n",
      "\n",
      "0\n",
      "      fpr     tpr\n",
      "0  0.2545  0.7429\n",
      "1  0.1806  0.1111\n",
      "2  0.1509  0.7297\n",
      "\n",
      "1\n",
      "      fpr     tpr\n",
      "0  0.0000  0.4167\n",
      "1  0.0758  0.3571\n",
      "2  0.5385  0.9444\n",
      "\n",
      "\n",
      "And loss is 0.3176\n",
      "\n",
      "[0.57247338 0.00993435 0.41759227]\n",
      "[0.4281318 0.0579504 0.5139178]\n",
      "[0.08331213 0.12686438 0.78982348]\n",
      "[0.57247338 0.07907509 0.34845154]\n",
      "[0.40443866 0.0579504  0.53761094]\n",
      "[0.14216461 0.06801191 0.78982348]\n",
      "\n",
      "Pre-adjustment group rates are \n",
      "\n",
      "0\n",
      "      fpr     tpr\n",
      "0  0.2593  0.6857\n",
      "1  0.1781  0.1875\n",
      "2  0.1569  0.7105\n",
      "\n",
      "1\n",
      "      fpr     tpr\n",
      "0  0.0137  0.5000\n",
      "1  0.0323  0.2632\n",
      "2  0.6296  0.9630\n",
      "\n",
      "\n",
      "And loss is 0.3235\n",
      "\n",
      "[0.41169842 0.01833486 0.56996672]\n",
      "[0.33772136 0.01725378 0.64502486]\n",
      "[0.07899915 0.01327298 0.90772787]\n",
      "[0.41169842 0.11698134 0.47132024]\n",
      "[0.33778168 0.01725378 0.64496454]\n",
      "[9.15768778e-02 6.95252736e-04 9.07727869e-01]\n",
      "\n",
      "Pre-adjustment group rates are \n",
      "\n",
      "0\n",
      "      fpr     tpr\n",
      "0  0.2128  0.6842\n",
      "1  0.1449  0.1875\n",
      "2  0.2037  0.8065\n",
      "\n",
      "1\n",
      "      fpr     tpr\n",
      "0  0.0137  0.4167\n",
      "1  0.0781  0.3333\n",
      "2  0.5455  0.9423\n",
      "\n",
      "\n",
      "And loss is 0.3235\n",
      "\n",
      "[0.44606119 0.08452021 0.4694186 ]\n",
      "[0.28522182 0.08602947 0.62874871]\n",
      "[0.06309055 0.04440229 0.89250716]\n",
      "[0.44606119 0.15929278 0.39464603]\n",
      "[0.3276393  0.08602947 0.58633124]\n",
      "[0.06241121 0.04508162 0.89250716]\n",
      "\n",
      "Pre-adjustment group rates are \n",
      "\n",
      "0\n",
      "      fpr     tpr\n",
      "0  0.2857  0.6923\n",
      "1  0.1549  0.1176\n",
      "2  0.1786  0.7500\n",
      "\n",
      "1\n",
      "      fpr     tpr\n",
      "0  0.0145  0.4615\n",
      "1  0.0645  0.3000\n",
      "2  0.5455  0.9592\n",
      "\n",
      "\n",
      "And loss is 0.3412\n",
      "\n",
      "[0.5167003  0.01575065 0.46754905]\n",
      "[0.4390264  0.02486793 0.53610567]\n",
      "[0.09329311 0.04792262 0.85878427]\n",
      "[0.5167003  0.13894267 0.34435703]\n",
      "[0.39316868 0.02486793 0.58196338]\n",
      "[0.13980168 0.00141404 0.85878427]\n",
      "\n",
      "Pre-adjustment group rates are \n",
      "\n",
      "0\n",
      "      fpr     tpr\n",
      "0  0.2830  0.6667\n",
      "1  0.1948  0.1667\n",
      "2  0.1667  0.6857\n",
      "\n",
      "1\n",
      "      fpr     tpr\n",
      "0  0.0159  0.5000\n",
      "1  0.0727  0.3500\n",
      "2  0.5000  0.9535\n",
      "\n",
