{
 "cells": [
  {
   "cell_type": "markdown",
   "metadata": {},
   "source": [
    "# Testing DEMV on Drug Dataset"
   ]
  },
  {
   "cell_type": "markdown",
   "metadata": {},
   "source": [
    "- Sensitive group: white women (`race: 1, gender: 0`)\n",
    "- Positive label: never (0)"
   ]
  },
  {
   "cell_type": "code",
   "execution_count": 18,
   "metadata": {},
   "outputs": [],
   "source": [
    "import pandas as pd\n",
    "import numpy as np\n",
    "\n",
    "from sklearn.linear_model import LogisticRegression\n",
    "from sklearn.preprocessing import StandardScaler\n",
    "from sklearn.pipeline import Pipeline\n",
    "\n",
    "from fairlearn.reductions import ExponentiatedGradient, BoundedGroupLoss, ZeroOneLoss, GridSearch\n",
    "\n",
    "import matplotlib.pyplot as plt\n",
    "import seaborn as sns\n",
    "\n",
    "from utils import *\n",
    "from demv import DEMV\n",
    "\n",
    "import warnings\n",
    "warnings.filterwarnings('ignore')\n",
    "\n",
    "sns.set_style('whitegrid')"
   ]
  },
  {
   "cell_type": "code",
   "execution_count": 19,
   "metadata": {},
   "outputs": [],
   "source": [
    "def prepare_data():\n",
    "  data = pd.read_csv('data2/drugs.csv')\n",
    "  data.drop(['yhat','a'], axis=1, inplace=True)\n",
    "  data.loc[data['gender']==0.48246,'gender']=1\n",
    "  data.loc[data['gender']==-0.48246,'gender']=0\n",
    "  data['y'].replace({\n",
    "    'never': 0,\n",
    "    'not last year': 1,\n",
    "    'last year': 2}, inplace=True)\n",
    "  data['race'].replace({\n",
    "    'non-white': 0,\n",
    "    'white': 1}, inplace=True)\n",
    "  string_cols = data.dtypes[data.dtypes == 'object'].index.values\n",
    "  data.drop(string_cols, axis=1, inplace=True)\n",
    "  return data\n"
   ]
  },
  {
   "cell_type": "code",
   "execution_count": 20,
   "metadata": {},
   "outputs": [],
   "source": [
    "data = prepare_data()"
   ]
  },
  {
   "cell_type": "code",
   "execution_count": 21,
   "metadata": {},
   "outputs": [
    {
     "data": {
      "text/html": [
       "<div>\n",
       "<style scoped>\n",
       "    .dataframe tbody tr th:only-of-type {\n",
       "        vertical-align: middle;\n",
       "    }\n",
       "\n",
       "    .dataframe tbody tr th {\n",
       "        vertical-align: top;\n",
       "    }\n",
       "\n",
       "    .dataframe thead th {\n",
       "        text-align: right;\n",
       "    }\n",
       "</style>\n",
       "<table border=\"1\" class=\"dataframe\">\n",
       "  <thead>\n",
       "    <tr style=\"text-align: right;\">\n",
       "      <th></th>\n",
       "      <th>id</th>\n",
       "      <th>age</th>\n",
       "      <th>gender</th>\n",
       "      <th>education</th>\n",
       "      <th>country</th>\n",
       "      <th>ethnicity</th>\n",
       "      <th>nscore</th>\n",
       "      <th>escore</th>\n",
       "      <th>oscore</th>\n",
       "      <th>ascore</th>\n",
       "      <th>cscore</th>\n",
       "      <th>impulsive</th>\n",
       "      <th>ss</th>\n",
       "      <th>y</th>\n",
       "      <th>race</th>\n",
       "    </tr>\n",
       "  </thead>\n",
       "  <tbody>\n",
       "    <tr>\n",
       "      <th>0</th>\n",
       "      <td>1</td>\n",
       "      <td>0.49788</td>\n",
       "      <td>1.0</td>\n",
       "      <td>-0.05921</td>\n",
       "      <td>0.96082</td>\n",
       "      <td>0.12600</td>\n",
       "      <td>0.31287</td>\n",
       "      <td>-0.57545</td>\n",
       "      <td>-0.58331</td>\n",
       "      <td>-0.91699</td>\n",
       "      <td>-0.00665</td>\n",
       "      <td>-0.21712</td>\n",
       "      <td>-1.18084</td>\n",
       "      <td>0</td>\n",
       "      <td>0</td>\n",
       "    </tr>\n",
       "    <tr>\n",
       "      <th>1</th>\n",
       "      <td>2</td>\n",
       "      <td>-0.07854</td>\n",
       "      <td>0.0</td>\n",
       "      <td>1.98437</td>\n",
       "      <td>0.96082</td>\n",
       "      <td>-0.31685</td>\n",
       "      <td>-0.67825</td>\n",
       "      <td>1.93886</td>\n",
       "      <td>1.43533</td>\n",
       "      <td>0.76096</td>\n",
       "      <td>-0.14277</td>\n",
       "      <td>-0.71126</td>\n",
       "      <td>-0.21575</td>\n",
       "      <td>2</td>\n",
       "      <td>1</td>\n",
       "    </tr>\n",
       "    <tr>\n",
       "      <th>2</th>\n",
       "      <td>3</td>\n",
       "      <td>0.49788</td>\n",
       "      <td>0.0</td>\n",
       "      <td>-0.05921</td>\n",
       "      <td>0.96082</td>\n",
       "      <td>-0.31685</td>\n",
       "      <td>-0.46725</td>\n",
       "      <td>0.80523</td>\n",
       "      <td>-0.84732</td>\n",
       "      <td>-1.62090</td>\n",
       "      <td>-1.01450</td>\n",
       "      <td>-1.37983</td>\n",
       "      <td>0.40148</td>\n",
       "      <td>2</td>\n",
       "      <td>1</td>\n",
       "    </tr>\n",
       "    <tr>\n",
       "      <th>3</th>\n",
       "      <td>4</td>\n",
       "      <td>-0.95197</td>\n",
       "      <td>1.0</td>\n",
       "      <td>1.16365</td>\n",
       "      <td>0.96082</td>\n",
       "      <td>-0.31685</td>\n",
       "      <td>-0.14882</td>\n",
       "      <td>-0.80615</td>\n",
       "      <td>-0.01928</td>\n",
       "      <td>0.59042</td>\n",
       "      <td>0.58489</td>\n",
       "      <td>-1.37983</td>\n",
       "      <td>-1.18084</td>\n",
       "      <td>1</td>\n",
       "      <td>1</td>\n",
       "    </tr>\n",
       "    <tr>\n",
       "      <th>4</th>\n",
       "      <td>5</td>\n",
       "      <td>0.49788</td>\n",
       "      <td>1.0</td>\n",
       "      <td>1.98437</td>\n",
       "      <td>0.96082</td>\n",
       "      <td>-0.31685</td>\n",
       "      <td>0.73545</td>\n",
       "      <td>-1.63340</td>\n",
       "      <td>-0.45174</td>\n",
       "      <td>-0.30172</td>\n",
       "      <td>1.30612</td>\n",
       "      <td>-0.21712</td>\n",
       "      <td>-0.21575</td>\n",
       "      <td>2</td>\n",
       "      <td>1</td>\n",
       "    </tr>\n",
       "    <tr>\n",
       "      <th>...</th>\n",
       "      <td>...</td>\n",
       "      <td>...</td>\n",
       "      <td>...</td>\n",
       "      <td>...</td>\n",
       "      <td>...</td>\n",
       "      <td>...</td>\n",
       "      <td>...</td>\n",
       "      <td>...</td>\n",
       "      <td>...</td>\n",
       "      <td>...</td>\n",
       "      <td>...</td>\n",
       "      <td>...</td>\n",
       "      <td>...</td>\n",
       "      <td>...</td>\n",
       "      <td>...</td>\n",
       "    </tr>\n",
       "    <tr>\n",
       "      <th>1880</th>\n",
       "      <td>1884</td>\n",
       "      <td>-0.95197</td>\n",
       "      <td>1.0</td>\n",
       "      <td>-0.61113</td>\n",
       "      <td>-0.57009</td>\n",
       "      <td>-0.31685</td>\n",
       "      <td>-1.19430</td>\n",
       "      <td>1.74091</td>\n",
       "      <td>1.88511</td>\n",
       "      <td>0.76096</td>\n",
       "      <td>-1.13788</td>\n",
       "      <td>0.88113</td>\n",
       "      <td>1.92173</td>\n",
       "      <td>2</td>\n",
       "      <td>1</td>\n",
       "    </tr>\n",
       "    <tr>\n",
       "      <th>1881</th>\n",
       "      <td>1885</td>\n",
       "      <td>-0.95197</td>\n",
       "      <td>0.0</td>\n",
       "      <td>-0.61113</td>\n",
       "      <td>-0.57009</td>\n",
       "      <td>-0.31685</td>\n",
       "      <td>-0.24649</td>\n",
       "      <td>1.74091</td>\n",
       "      <td>0.58331</td>\n",
       "      <td>0.76096</td>\n",
       "      <td>-1.51840</td>\n",
       "      <td>0.88113</td>\n",
       "      <td>0.76540</td>\n",
       "      <td>2</td>\n",
       "      <td>1</td>\n",
       "    </tr>\n",
       "    <tr>\n",
       "      <th>1882</th>\n",
       "      <td>1886</td>\n",
       "      <td>-0.07854</td>\n",
       "      <td>1.0</td>\n",
       "      <td>0.45468</td>\n",
       "      <td>-0.57009</td>\n",
       "      <td>-0.31685</td>\n",
       "      <td>1.13281</td>\n",
       "      <td>-1.37639</td>\n",
       "      <td>-1.27553</td>\n",
       "      <td>-1.77200</td>\n",
       "      <td>-1.38502</td>\n",
       "      <td>0.52975</td>\n",
       "      <td>-0.52593</td>\n",
       "      <td>2</td>\n",
       "      <td>1</td>\n",
       "    </tr>\n",
       "    <tr>\n",
       "      <th>1883</th>\n",
       "      <td>1887</td>\n",
       "      <td>-0.95197</td>\n",
       "      <td>1.0</td>\n",
       "      <td>-0.61113</td>\n",
       "      <td>-0.57009</td>\n",
       "      <td>-0.31685</td>\n",
       "      <td>0.91093</td>\n",
       "      <td>-1.92173</td>\n",
       "      <td>0.29338</td>\n",
       "      <td>-1.62090</td>\n",
       "      <td>-2.57309</td>\n",
       "      <td>1.29221</td>\n",
       "      <td>1.22470</td>\n",
       "      <td>2</td>\n",
       "      <td>1</td>\n",
       "    </tr>\n",
       "    <tr>\n",
       "      <th>1884</th>\n",
       "      <td>1888</td>\n",
       "      <td>-0.95197</td>\n",
       "      <td>0.0</td>\n",
       "      <td>-0.61113</td>\n",
       "      <td>0.21128</td>\n",
       "      <td>-0.31685</td>\n",
       "      <td>-0.46725</td>\n",
       "      <td>2.12700</td>\n",
       "      <td>1.65653</td>\n",
       "      <td>1.11406</td>\n",
       "      <td>0.41594</td>\n",
       "      <td>0.88113</td>\n",
       "      <td>1.22470</td>\n",
       "      <td>2</td>\n",
       "      <td>1</td>\n",
       "    </tr>\n",
       "  </tbody>\n",
       "</table>\n",
       "<p>1885 rows × 15 columns</p>\n",
       "</div>"
      ],
      "text/plain": [
       "        id      age  gender  education  country  ethnicity   nscore   escore  \\\n",
       "0        1  0.49788     1.0   -0.05921  0.96082    0.12600  0.31287 -0.57545   \n",
       "1        2 -0.07854     0.0    1.98437  0.96082   -0.31685 -0.67825  1.93886   \n",
       "2        3  0.49788     0.0   -0.05921  0.96082   -0.31685 -0.46725  0.80523   \n",
       "3        4 -0.95197     1.0    1.16365  0.96082   -0.31685 -0.14882 -0.80615   \n",
       "4        5  0.49788     1.0    1.98437  0.96082   -0.31685  0.73545 -1.63340   \n",
       "...    ...      ...     ...        ...      ...        ...      ...      ...   \n",
       "1880  1884 -0.95197     1.0   -0.61113 -0.57009   -0.31685 -1.19430  1.74091   \n",
       "1881  1885 -0.95197     0.0   -0.61113 -0.57009   -0.31685 -0.24649  1.74091   \n",
       "1882  1886 -0.07854     1.0    0.45468 -0.57009   -0.31685  1.13281 -1.37639   \n",
       "1883  1887 -0.95197     1.0   -0.61113 -0.57009   -0.31685  0.91093 -1.92173   \n",
       "1884  1888 -0.95197     0.0   -0.61113  0.21128   -0.31685 -0.46725  2.12700   \n",
       "\n",
       "       oscore   ascore   cscore  impulsive       ss  y  race  \n",
       "0    -0.58331 -0.91699 -0.00665   -0.21712 -1.18084  0     0  \n",
       "1     1.43533  0.76096 -0.14277   -0.71126 -0.21575  2     1  \n",
       "2    -0.84732 -1.62090 -1.01450   -1.37983  0.40148  2     1  \n",
       "3    -0.01928  0.59042  0.58489   -1.37983 -1.18084  1     1  \n",
       "4    -0.45174 -0.30172  1.30612   -0.21712 -0.21575  2     1  \n",
       "...       ...      ...      ...        ...      ... ..   ...  \n",
       "1880  1.88511  0.76096 -1.13788    0.88113  1.92173  2     1  \n",
       "1881  0.58331  0.76096 -1.51840    0.88113  0.76540  2     1  \n",
       "1882 -1.27553 -1.77200 -1.38502    0.52975 -0.52593  2     1  \n",
       "1883  0.29338 -1.62090 -2.57309    1.29221  1.22470  2     1  \n",
       "1884  1.65653  1.11406  0.41594    0.88113  1.22470  2     1  \n",
       "\n",
       "[1885 rows x 15 columns]"
      ]
     },
     "execution_count": 21,
     "metadata": {},
     "output_type": "execute_result"
    }
   ],
   "source": [
    "data"
   ]
  },
  {
   "cell_type": "code",
   "execution_count": 22,
   "metadata": {},
   "outputs": [],
   "source": [
    "label = 'y'\n",
    "protected_group = {'race': 1, 'gender': 0}\n",
    "positive_label = 0\n",
    "sensitive_features = ['race', 'gender']"
   ]
  },
  {
   "cell_type": "code",
   "execution_count": 23,
   "metadata": {},
   "outputs": [],
   "source": [
    "pipeline = Pipeline([\n",
    "    ('scaler', StandardScaler()),\n",
    "    ('classifier', LogisticRegression(n_jobs=-1))\n",
    "])"
   ]
  },
  {
   "cell_type": "markdown",
   "metadata": {},
   "source": [
    "## Biased classifier"
   ]
  },
  {
   "cell_type": "code",
   "execution_count": 24,
   "metadata": {},
   "outputs": [
    {
     "name": "stdout",
     "output_type": "stream",
     "text": [
      "Statistical parity:  -0.299  +-  0.052\n",
      "Disparate impact:  0.142  +-  0.081\n",
      "Zero one loss:  0.335  +-  0.098\n",
      "F1 score:  0.67  +-  0.023\n",
      "Accuracy score:  0.68  +-  0.025\n"
     ]
    }
   ],
   "source": [
    "model, lr_bias, pred = cross_val2(pipeline, data, label, protected_group, sensitive_features, positive_label)\n",
    "print_metrics(lr_bias)"
   ]
  },
  {
   "cell_type": "markdown",
   "metadata": {},
   "source": [
    "## DEMV application"
   ]
  },
  {
   "cell_type": "code",
   "execution_count": 25,
   "metadata": {},
   "outputs": [],
   "source": [
    "demv = DEMV(round_level=1)\n",
    "demv_data = data.copy()"
   ]
  },
  {
   "cell_type": "code",
   "execution_count": 26,
   "metadata": {},
   "outputs": [
    {
     "name": "stdout",
     "output_type": "stream",
     "text": [
      "Statistical parity:  -0.147  +-  0.053\n",
      "Disparate impact:  0.493  +-  0.144\n",
      "Zero one loss:  0.327  +-  0.116\n",
      "F1 score:  0.663  +-  0.028\n",
      "Accuracy score:  0.675  +-  0.027\n"
     ]
    }
   ],
   "source": [
    "model, lr_demv = cross_val(pipeline, demv_data, label, protected_group, sensitive_features, debiaser=demv, positive_label=positive_label)\n",
    "print_metrics(lr_demv)"
   ]
  },
  {
   "cell_type": "markdown",
   "metadata": {},
   "source": [
    "## DEMV Evaluation"
   ]
  },
  {
   "cell_type": "code",
   "execution_count": 27,
   "metadata": {},
   "outputs": [
    {
     "data": {
      "text/plain": [
       "89"
      ]
     },
     "execution_count": 27,
     "metadata": {},
     "output_type": "execute_result"
    }
   ],
   "source": [
    "demv.get_iters()"
   ]
  },
  {
   "cell_type": "code",
   "execution_count": 28,
   "metadata": {},
   "outputs": [],
   "source": [
    "metrics = eval_demv(17, 89, data.copy(), pipeline, label, protected_group, sensitive_features, positive_label=positive_label)"
   ]
  },
  {
   "cell_type": "markdown",
   "metadata": {},
   "source": [
    "##  Blackbox Postprocessing"
   ]
  },
  {
   "cell_type": "code",
   "execution_count": 29,
   "metadata": {},
   "outputs": [],
   "source": [
    "sensitive_features = ['combined']\n",
    "unpriv_group = {'combined': 1}"
   ]
  },
  {
   "cell_type": "code",
   "execution_count": 30,
   "metadata": {},
   "outputs": [],
   "source": [
    "data.loc[:,\"combined\"] = 0\n",
    "data.loc[(data['race'] == 1) & (data[\"gender\"] == 0),\"combined\"] = 1"
   ]
  },
  {
   "cell_type": "code",
   "execution_count": 31,
   "metadata": {},
   "outputs": [],
   "source": [
    "#Now pred contains the actual values on column \"y_true\" and predicted values on column \"contr_use\"\n",
    "\n",
    "pred.loc[:,\"combined\"] = 0\n",
    "pred.loc[(pred['race'] == 1) & (pred[\"gender\"] == 0),\"combined\"] = 1"
   ]
  },
  {
   "cell_type": "code",
   "execution_count": 32,
   "metadata": {},
   "outputs": [],
   "source": [
    "y_pred = pred[label].values\n",
    "y_true = pred['y_true'].values"
   ]
  },
  {
   "cell_type": "code",
   "execution_count": 33,
   "metadata": {},
   "outputs": [
    {
     "data": {
      "text/html": [
       "<div>\n",
       "<style scoped>\n",
       "    .dataframe tbody tr th:only-of-type {\n",
       "        vertical-align: middle;\n",
       "    }\n",
       "\n",
       "    .dataframe tbody tr th {\n",
       "        vertical-align: top;\n",
       "    }\n",
       "\n",
       "    .dataframe thead th {\n",
       "        text-align: right;\n",
       "    }\n",
       "</style>\n",
       "<table border=\"1\" class=\"dataframe\">\n",
       "  <thead>\n",
       "    <tr style=\"text-align: right;\">\n",
       "      <th></th>\n",
       "      <th>tp</th>\n",
       "      <th>fp</th>\n",
       "      <th>tn</th>\n",
       "      <th>fn</th>\n",
       "      <th>sens</th>\n",
       "      <th>spec</th>\n",
       "      <th>ppv</th>\n",
       "      <th>npv</th>\n",
       "      <th>j</th>\n",
       "      <th>f1</th>\n",
       "      <th>mcc</th>\n",
       "      <th>brier</th>\n",
       "      <th>auc</th>\n",
       "      <th>ap</th>\n",
       "      <th>true_prev</th>\n",
       "      <th>pred_prev</th>\n",
       "      <th>prev_diff</th>\n",
       "      <th>rel_prev_diff</th>\n",
       "    </tr>\n",
       "  </thead>\n",
       "  <tbody>\n",
       "    <tr>\n",
       "      <th>0</th>\n",
       "      <td>556.0</td>\n",
       "      <td>209.0</td>\n",
       "      <td>938.0</td>\n",
       "      <td>182.0</td>\n",
       "      <td>0.6801</td>\n",
       "      <td>0.803</td>\n",
       "      <td>0.6643</td>\n",
       "      <td>0.8367</td>\n",
       "      <td>0.4831</td>\n",
       "      <td>0.6704</td>\n",
       "      <td>0.4919</td>\n",
       "      <td>0.2074</td>\n",
       "      <td>0.0</td>\n",
       "      <td>0.0</td>\n",
       "      <td>739.0</td>\n",
       "      <td>765.0</td>\n",
       "      <td>27.0</td>\n",
       "      <td>-0.0</td>\n",
       "    </tr>\n",
       "  </tbody>\n",
       "</table>\n",
       "</div>"
      ],
      "text/plain": [
       "      tp     fp     tn     fn    sens   spec     ppv     npv       j      f1  \\\n",
       "0  556.0  209.0  938.0  182.0  0.6801  0.803  0.6643  0.8367  0.4831  0.6704   \n",
       "\n",
       "      mcc   brier  auc   ap  true_prev  pred_prev  prev_diff  rel_prev_diff  \n",
       "0  0.4919  0.2074  0.0  0.0      739.0      765.0       27.0           -0.0  "
      ]
     },
     "execution_count": 33,
     "metadata": {},
     "output_type": "execute_result"
    }
   ],
   "source": [
    "import tools\n",
    "stats = tools.clf_metrics(y_true, y_pred)\n",
    "stats"
   ]
  },
  {
   "cell_type": "code",
   "execution_count": 34,
   "metadata": {},
   "outputs": [
    {
     "name": "stdout",
     "output_type": "stream",
     "text": [
      "\n",
      "Pre-adjustment group rates are \n",
      "\n",
      "0\n",
      "      fpr     tpr\n",
      "0  0.1029  0.3667\n",
      "1  0.3026  0.5000\n",
      "2  0.2308  0.7391\n",
      "\n",
      "1\n",
      "      fpr     tpr\n",
      "0  0.0125  0.5455\n",
      "1  0.1143  0.5238\n",
      "2  0.3125  0.9322\n",
      "\n",
      "\n",
      "And loss is 0.3228\n",
      "\n",
      "\n",
      "Pre-adjustment group rates are \n",
      "\n",
      "0\n",
      "      fpr     tpr\n",
      "0  0.1000  0.3929\n",
      "1  0.2794  0.5000\n",
      "2  0.2500  0.7500\n",
      "\n",
      "1\n",
      "      fpr     tpr\n",
      "0  0.0139  0.6000\n",
      "1  0.1250  0.5000\n",
      "2  0.2857  0.9259\n",
      "\n",
      "\n",
      "And loss is 0.3176\n",
      "\n",
      "[0.39285715 0.484409   0.12273385]\n",
      "[0.20000001 0.6281726  0.17182739]\n",
      "[0.05       0.52043153 0.42956847]\n",
      "[0.39285715 0.58930632 0.01783653]\n",
      "[0.15899737 0.6281726  0.21283003]\n",
      "[0.08033422 0.49009732 0.42956847]\n",
      "\n",
      "Pre-adjustment group rates are \n",
      "\n",
      "0\n",
      "      fpr     tpr\n",
      "0  0.1167  0.4074\n",
      "1  0.2879  0.4762\n",
      "2  0.2500  0.7179\n",
      "\n",
      "1\n",
      "      fpr     tpr\n",
      "0  0.0139  0.5455\n",
      "1  0.1129  0.5238\n",
      "2  0.3125  0.9412\n",
      "\n",
      "\n",
      "And loss is 0.3294\n",
      "\n",
      "[0.40740741 0.44843954 0.14415305]\n",
      "[0.23809524 0.57656512 0.18533963]\n",
      "[0.05128205 0.48299272 0.46572523]\n",
      "[0.40740741 0.53565224 0.05694035]\n",
      "[0.20614126 0.57656512 0.21729362]\n",
      "[0.07982419 0.45445058 0.46572523]\n",
      "\n",
      "Pre-adjustment group rates are \n",
      "\n",
      "0\n",
      "      fpr     tpr\n",
      "0  0.1111  0.3333\n",
      "1  0.2941  0.5000\n",
      "2  0.2449  0.7561\n",
      "\n",
      "1\n",
      "      fpr     tpr\n",
      "0  0.0000  0.5556\n",
      "1  0.0952  0.5882\n",
      "2  0.3077  0.9444\n",
      "\n",
      "\n",
      "And loss is 0.3118\n",
      "\n",
      "[0.77687067 0.0937304  0.12939893]\n",
      "[0.72625223 0.11503276 0.158715  ]\n",
      "[0.2435042  0.31891197 0.43758383]\n",
      "[0.77687067 0.17164888 0.05148045]\n",
      "[0.69418674 0.11503276 0.19078049]\n",
      "[0.3232724  0.23914377 0.43758383]\n",
      "\n",
      "Pre-adjustment group rates are \n",
      "\n",
      "0\n",
      "      fpr     tpr\n",
      "0  0.1186  0.3200\n",
      "1  0.3385  0.5789\n",
      "2  0.1818  0.7000\n",
      "\n",
      "1\n",
      "      fpr     tpr\n",
      "0  0.0133  0.5455\n",
      "1  0.1231  0.5238\n",
      "2  0.3125  0.9259\n",
      "\n",
      "\n",
      "And loss is 0.3294\n",
      "\n",
      "[0.71784229 0.0948226  0.18733511]\n",
      "[0.74301154 0.09117107 0.16581739]\n",
      "[0.25720953 0.21525458 0.52753589]\n",
      "[0.71784229 0.23036327 0.05179444]\n",
      "[0.66465517 0.09117107 0.24417376]\n",
      "[0.31604277 0.15642134 0.52753589]\n",
      "\n",
      "Pre-adjustment group rates are \n",
      "\n",
      "0\n",
      "      fpr     tpr\n",
      "0  0.1034  0.3571\n",
      "1  0.2754  0.4706\n",
      "2  0.2444  0.7805\n",
      "\n",
      "1\n",
      "      fpr     tpr\n",
      "0  0.0137  0.5455\n",
      "1  0.1077  0.5263\n",
      "2  0.3000  0.9444\n",
      "\n",
      "\n",
      "And loss is 0.3118\n",
      "\n",
      "[0.78110308 0.0156929  0.20320402]\n",
      "[0.70081907 0.02124964 0.27793129]\n",
      "[0.21767521 0.05373525 0.72858953]\n",
      "[0.78110308 0.1487653  0.07013161]\n",
      "[0.65393026 0.02124964 0.3248201 ]\n",
      "[0.25561534 0.01579513 0.72858953]\n",
      "\n",
      "Pre-adjustment group rates are \n",
      "\n",
      "0\n",
      "      fpr     tpr\n",
      "0  0.1111  0.3200\n",
      "1  0.2941  0.5000\n",
      "2  0.2444  0.7442\n",
      "\n",
      "1\n",
      "      fpr     tpr\n",
      "0  0.0141  0.5455\n",
      "1  0.1270  0.4737\n",
      "2  0.3333  0.9231\n",
      "\n",
      "\n",
      "And loss is 0.3353\n",
      "\n",
      "[0.70761858 0.10274311 0.1896383 ]\n",
      "[0.69047566 0.11014867 0.19937566]\n",
      "[0.23089679 0.23196654 0.53713667]\n",
      "[0.70761858 0.23948159 0.05289982]\n",
      "[0.61421541 0.11014867 0.27563592]\n",
      "[0.29004503 0.17281831 0.53713667]\n",
      "\n",
      "Pre-adjustment group rates are \n",
      "\n",
      "0\n",
      "      fpr     tpr\n",
      "0  0.0645  0.3793\n",
      "1  0.3099  0.5000\n",
      "2  0.2245  0.7857\n",
      "\n",
      "1\n",
      "      fpr     tpr\n",
      "0  0.0141  0.6250\n",
      "1  0.1000  0.5789\n",
      "2  0.2963  0.9231\n",
      "\n",
      "\n",
      "And loss is 0.3059\n",
      "\n",
      "[0.79923383 0.01479044 0.18597573]\n",
      "[0.6683762  0.02573537 0.30588843]\n",
      "[0.20073266 0.06740216 0.73186518]\n",
      "[0.79923383 0.10165943 0.09910674]\n",
      "[0.68216054 0.02573537 0.29210409]\n",
      "[0.23079834 0.03733648 0.73186518]\n",
      "\n",
      "Pre-adjustment group rates are \n",
      "\n",
      "0\n",
      "      fpr     tpr\n",
      "0  0.0968  0.4583\n",
      "1  0.3030  0.5000\n",
      "2  0.2045  0.7143\n",
      "\n",
      "1\n",
      "      fpr     tpr\n",
      "0  0.0133  0.4444\n",
      "1  0.1231  0.5263\n",
      "2  0.3214  0.9286\n",
      "\n",
      "\n",
      "And loss is 0.3118\n",
      "\n",
      "[0.45833335 0.41580269 0.12586396]\n",
      "[0.20000002 0.53971821 0.26028177]\n",
      "[0.04761906 0.41226572 0.54011522]\n",
      "[0.45833335 0.47703747 0.06462918]\n",
      "[0.21537124 0.53971821 0.24491055]\n",
      "[0.05653593 0.40334885 0.54011522]\n",
      "\n",
      "Pre-adjustment group rates are \n",
      "\n",
      "0\n",
      "      fpr     tpr\n",
      "0  0.1111  0.3214\n",
      "1  0.3194  0.4211\n",
      "2  0.2553  0.7273\n",
      "\n",
      "1\n",
      "      fpr     tpr\n",
      "0  0.0143  0.5556\n",
      "1  0.0984  0.5000\n",
      "2  0.3333  0.9423\n",
      "\n",
      "\n",
      "And loss is 0.3412\n",
      "\n",
      "[0.78296078 0.01813208 0.19890713]\n",
      "[0.68171342 0.02644374 0.29184283]\n",
      "[0.27137941 0.06011864 0.66850195]\n",
      "[0.78296078 0.13821359 0.07882563]\n",
      "[0.65825375 0.02644374 0.31530251]\n",
      "[0.30404996 0.02744808 0.66850195]\n",
      "\n",
      "Pre-adjustment group rates are \n",
      "\n",
      "0\n",
      "      fpr     tpr\n",
      "0  0.0968  0.3793\n",
      "1  0.3239  0.5500\n",
      "2  0.2041  0.7143\n",
      "\n",
      "1\n",
      "      fpr     tpr\n",
      "0  0.0143  0.5000\n",
      "1  0.1290  0.5000\n",
      "2  0.3214  0.9231\n",
      "\n",
      "\n",
      "And loss is 0.3333\n",
      "\n",
      "[0.77775342 0.04244062 0.17980596]\n",
      "[0.688859   0.05932494 0.25181606]\n",
      "[0.25924632 0.13998039 0.60077328]\n",
      "[0.77775342 0.15716281 0.06508377]\n",
      "[0.65141385 0.05932494 0.28926121]\n",
      "[0.3100524  0.08917432 0.60077328]\n",
      "\n",
      "Pre-adjustment group rates are \n",
      "\n",
      "0\n",
      "      fpr     tpr\n",
      "0  0.2174  0.7273\n",
      "1  0.1351  0.2857\n",
      "2  0.2131  0.7805\n",
      "\n",
      "1\n",
      "      fpr     tpr\n",
      "0  0.0000  0.4444\n",
      "1  0.1268  0.5625\n",
      "2  0.3200  0.9194\n",
      "\n",
      "\n",
      "And loss is 0.2910\n",
      "\n",
      "\n",
      "Pre-adjustment group rates are \n",
      "\n",
      "0\n",
      "      fpr     tpr\n",
      "0  0.2500  0.7419\n",
      "1  0.1562  0.2593\n",
      "2  0.2069  0.7273\n",
      "\n",
      "1\n",
      "      fpr     tpr\n",
      "0  0.0000  0.4444\n",
      "1  0.1250  0.6000\n",
      "2  0.2917  0.9273\n",
      "\n",
      "\n",
      "And loss is 0.3059\n",
      "\n",
      "[0.72364886 0.14866375 0.12768739]\n",
      "[0.46961432 0.34266691 0.18771877]\n",
      "[0.05911229 0.44609593 0.49479177]\n",
      "[0.72364886 0.21706236 0.05928878]\n",
      "[0.44389351 0.34266691 0.21343959]\n",
      "[0.18927767 0.31593056 0.49479177]\n",
      "\n",
      "Pre-adjustment group rates are \n",
      "\n",
      "0\n",
      "      fpr     tpr\n",
      "0  0.2154  0.7407\n",
      "1  0.1364  0.3077\n",
      "2  0.1887  0.7949\n",
      "\n",
      "1\n",
      "      fpr     tpr\n",
      "0  0.0000  0.4444\n",
      "1  0.1385  0.6154\n",
      "2  0.2727  0.9107\n",
      "\n",
      "\n",
      "And loss is 0.2824\n",
      "\n",
      "[0.70523877 0.1746113  0.12014993]\n",
      "[0.439418   0.40660606 0.15397593]\n",
      "[0.04882422 0.4945491  0.45662668]\n",
      "[0.70523877 0.23905079 0.05571044]\n",
      "[0.40055009 0.40660606 0.19284385]\n",
      "[0.15968051 0.38369281 0.45662668]\n",
      "\n",
      "Pre-adjustment group rates are \n",
      "\n",
      "0\n",
      "      fpr     tpr\n",
      "0  0.2031  0.7188\n",
      "1  0.1408  0.3200\n",
      "2  0.2105  0.7692\n",
      "\n",
      "1\n",
      "      fpr     tpr\n",
      "0  0.0000  0.5000\n",
      "1  0.1034  0.5625\n",
      "2  0.3333  0.9400\n",
      "\n",
      "\n",
      "And loss is 0.2882\n",
      "\n",
      "[0.65461831 0.12582865 0.21955304]\n",
      "[0.40074025 0.36106067 0.23819908]\n",
      "[0.04670632 0.3110919  0.64220178]\n",
      "[0.65461831 0.25998252 0.08539917]\n",
      "[0.34004222 0.36106067 0.29889711]\n",
      "[0.13538758 0.22241064 0.64220178]\n",
      "\n",
      "Pre-adjustment group rates are \n",
      "\n",
      "0\n",
      "      fpr     tpr\n",
      "0  0.2000  0.7000\n",
      "1  0.1449  0.3077\n",
      "2  0.2321  0.7692\n",
      "\n",
      "1\n",
      "      fpr     tpr\n",
      "0  0.0000  0.4286\n",
      "1  0.1270  0.5000\n",
      "2  0.3684  0.9107\n",
      "\n",
      "\n",
      "And loss is 0.3000\n",
      "\n",
      "[0.6288681  0.15840819 0.21272371]\n",
      "[0.38008512 0.38631872 0.23359617]\n",
      "[0.04607092 0.40413407 0.54979501]\n",
      "[0.6288681  0.28488955 0.08624235]\n",
      "[0.31183304 0.38631872 0.30184824]\n",
      "[0.15135736 0.29884763 0.54979501]\n",
      "\n",
      "Pre-adjustment group rates are \n",
      "\n",
      "0\n",
      "      fpr     tpr\n",
      "0  0.2258  0.7586\n",
      "1  0.1212  0.2800\n",
      "2  0.2037  0.7838\n",
      "\n",
      "1\n",
      "      fpr     tpr\n",
      "0  0.0000  0.4444\n",
      "1  0.1406  0.6000\n",
      "2  0.2917  0.9091\n",
      "\n",
      "\n",
      "And loss is 0.2882\n",
      "\n",
      "[0.71884767 0.09614293 0.1850094 ]\n",
      "[0.4927374  0.33960483 0.16765777]\n",
      "[0.02561005 0.4227757  0.55161425]\n",
      "[0.71884767 0.21373282 0.06741952]\n",
      "[0.4176849  0.33960483 0.24271027]\n",
      "[0.15840866 0.28997709 0.55161425]\n",
      "\n",
      "Pre-adjustment group rates are \n",
      "\n",
      "0\n",
      "      fpr     tpr\n",
      "0  0.2131  0.7143\n",
      "1  0.1250  0.2800\n",
      "2  0.2264  0.8056\n",
      "\n",
      "1\n",
      "      fpr     tpr\n",
      "0  0.0000  0.5000\n",
      "1  0.1077  0.5625\n",
      "2  0.3333  0.9298\n",
      "\n",
      "\n",
      "And loss is 0.2824\n",
      "\n",
      "[0.66049139 0.16388596 0.17562265]\n",
      "[0.4068627  0.36897318 0.22416412]\n",
      "[0.05137155 0.39486333 0.55376512]\n",
      "[0.66049139 0.26506377 0.07444484]\n",
      "[0.37046988 0.36897318 0.26055694]\n",
      "[0.14838949 0.29784539 0.55376512]\n",
      "\n",
      "Pre-adjustment group rates are \n",
      "\n",
      "0\n",
      "      fpr     tpr\n",
      "0  0.2131  0.7097\n",
      "1  0.1343  0.2400\n",
      "2  0.2321  0.8056\n",
      "\n",
      "1\n",
      "      fpr     tpr\n",
      "0  0.0000  0.3750\n",
      "1  0.1429  0.5333\n",
      "2  0.3478  0.9091\n",
      "\n",
      "\n",
      "And loss is 0.3059\n",
      "\n",
      "[0.64699032 0.15625731 0.19675237]\n",
      "[0.43760073 0.32605225 0.23634703]\n",
      "[0.02532412 0.41423762 0.56043827]\n",
      "[0.64699032 0.27594942 0.07706026]\n",
      "[0.38625611 0.32605225 0.28769164]\n",
      "[0.14193553 0.29762621 0.56043827]\n",
      "\n",
      "Pre-adjustment group rates are \n",
      "\n",
      "0\n",
      "      fpr     tpr\n",
      "0  0.2258  0.7857\n",
      "1  0.1250  0.2692\n",
      "2  0.2037  0.7778\n",
      "\n",
      "1\n",
      "      fpr     tpr\n",
      "0  0.0000  0.4286\n",
      "1  0.1212  0.5714\n",
      "2  0.3333  0.9153\n",
      "\n",
      "\n",
      "And loss is 0.2824\n",
      "\n",
      "[0.69246953 0.13360997 0.17392049]\n",
      "[0.40676532 0.35975511 0.23347957]\n",
      "[0.04896249 0.39475398 0.55628353]\n",
      "[0.69246953 0.22070314 0.08682732]\n",
      "[0.37976292 0.35975511 0.26048197]\n",
      "[0.15611804 0.28759843 0.55628353]\n",
      "\n",
      "Pre-adjustment group rates are \n",
      "\n",
      "0\n",
      "      fpr     tpr\n",
      "0  0.1803  0.7000\n",
      "1  0.1159  0.3182\n",
      "2  0.2308  0.8205\n",
      "\n",
      "1\n",
      "      fpr     tpr\n",
      "0  0.0000  0.3750\n",
      "1  0.1364  0.4615\n",
      "2  0.3810  0.9138\n",
      "\n",
      "\n",
      "And loss is 0.2824\n",
      "\n",
      "[0.596883   0.14882859 0.25428841]\n",
      "[0.34882773 0.38262918 0.26854309]\n",
      "[0.04372769 0.33184276 0.62442955]\n",
      "[0.596883   0.31769975 0.08541725]\n",
      "[0.24941959 0.38262918 0.36795123]\n",
      "[0.13232367 0.24324678 0.62442955]\n",
      "\n",
      "Pre-adjustment group rates are \n",
      "\n",
      "0\n",
      "      fpr     tpr\n",
      "0  0.2500  0.7097\n",
      "1  0.1515  0.2800\n",
      "2  0.1964  0.7429\n",
      "\n",
      "1\n",
      "      fpr     tpr\n",
      "0  0.0000  0.5000\n",
      "1  0.1231  0.6000\n",
      "2  0.2609  0.9298\n",
      "\n",
      "\n",
      "And loss is 0.2924\n",
      "\n",
      "[0.70081338 0.16749744 0.13168918]\n",
      "[0.51350508 0.35308068 0.13341424]\n",
      "[0.05642913 0.47144258 0.47212829]\n",
      "[7.00813379e-01 2.99186617e-01 4.07845368e-09]\n",
      "[0.44381507 0.35308068 0.20310425]\n",
      "[0.19505175 0.33281996 0.47212829]\n",
      "\n",
      "Pre-adjustment group rates are \n",
      "\n",
      "0\n",
      "      fpr     tpr\n",
      "0  0.3288  0.5789\n",
      "1  0.1333  0.3611\n",
      "2  0.1757  0.7838\n",
      "\n",
      "1\n",
      "      fpr     tpr\n",
      "0  0.0299  0.4545\n",
      "1  0.0938  0.2857\n",
      "2  0.4800  0.9245\n",
      "\n",
      "\n",
      "And loss is 0.3545\n",
      "\n",
      "\n",
      "Pre-adjustment group rates are \n",
      "\n",
      "0\n",
      "      fpr     tpr\n",
      "0  0.3333  0.5758\n",
      "1  0.1406  0.3429\n",
      "2  0.1765  0.8065\n",
      "\n",
      "1\n",
      "      fpr     tpr\n",
      "0  0.0323  0.4444\n",
      "1  0.1000  0.1818\n",
      "2  0.5000  0.9216\n",
      "\n",
      "\n",
      "And loss is 0.3588\n",
      "\n",
      "[0.56791714 0.32074334 0.11133952]\n",
      "[0.49434543 0.41601076 0.0896438 ]\n",
      "[0.33788748 0.47748066 0.18463185]\n",
      "[0.56791714 0.36530112 0.06678174]\n",
      "[0.45649683 0.41601076 0.12749241]\n",
      "[0.41317072 0.40219743 0.18463185]\n",
      "\n",
      "Pre-adjustment group rates are \n",
      "\n",
      "0\n",
      "      fpr     tpr\n",
      "0  0.3333  0.6176\n",
      "1  0.1324  0.3750\n",
      "2  0.1515  0.7647\n",
      "\n",
      "1\n",
      "      fpr     tpr\n",
      "0  0.0339  0.4545\n",
      "1  0.1034  0.2500\n",
      "2  0.4783  0.9149\n",
      "\n",
      "\n",
      "And loss is 0.3529\n",
      "\n",
      "[0.55275391 0.28157673 0.16566936]\n",
      "[0.44314162 0.42861685 0.12824153]\n",
      "[0.33096288 0.3868325  0.28220462]\n",
      "[0.55275391 0.3350802  0.1121659 ]\n",
      "[0.39145036 0.42861685 0.17993279]\n",
      "[0.38379569 0.33399969 0.28220462]\n",
      "\n",
      "Pre-adjustment group rates are \n",
      "\n",
      "0\n",
      "      fpr     tpr\n",
      "0  0.3485  0.5714\n",
      "1  0.1364  0.3714\n",
      "2  0.1857  0.7419\n",
      "\n",
      "1\n",
      "      fpr     tpr\n",
      "0  0.0333  0.3333\n",
      "1  0.1091  0.2857\n",
      "2  0.5217  0.9130\n",
      "\n",
      "\n",
      "And loss is 0.3824\n",
      "\n",
      "[0.53595879 0.28415041 0.17989079]\n",
      "[0.43996527 0.42315463 0.1368801 ]\n",
      "[0.38310052 0.33972495 0.27717453]\n",
      "[0.53595879 0.32912027 0.13492094]\n",
      "[0.40337559 0.42315463 0.17346977]\n",
      "[0.41626317 0.3065623  0.27717453]\n",
      "\n",
      "Pre-adjustment group rates are \n",
      "\n",
      "0\n",
      "      fpr     tpr\n",
      "0  0.3125  0.5429\n",
      "1  0.1449  0.3667\n",
      "2  0.2000  0.7647\n",
      "\n",
      "1\n",
      "      fpr     tpr\n",
      "0  0.0333  0.4545\n",
      "1  0.1053  0.2857\n",
      "2  0.4800  0.9130\n",
      "\n",
      "\n",
      "And loss is 0.3706\n",
      "\n",
      "[0.60635199 0.27871258 0.11493543]\n",
      "[0.50492279 0.40322792 0.09184929]\n",
      "[0.57506557 0.22657518 0.19835924]\n",
      "[0.60635199 0.31464779 0.07900022]\n",
      "[0.47262888 0.40322792 0.1241432 ]\n",
      "[0.56335574 0.23828501 0.19835924]\n",
      "\n",
      "Pre-adjustment group rates are \n",
      "\n",
      "0\n",
      "      fpr     tpr\n",
      "0  0.3333  0.6000\n",
      "1  0.1029  0.3333\n",
      "2  0.2000  0.7879\n",
      "\n",
      "1\n",
      "      fpr     tpr\n",
      "0  0.0323  0.5000\n",
      "1  0.1034  0.2857\n",
      "2  0.4583  0.9167\n",
      "\n",
      "\n",
      "And loss is 0.3529\n",
      "\n",
      "[0.50948222 0.3176885  0.17282927]\n",
      "[0.42456852 0.4399812  0.13545028]\n",
      "[0.15438855 0.53445659 0.31115486]\n",
      "[0.50948222 0.38868528 0.1018325 ]\n",
      "[0.36605213 0.4399812  0.19396667]\n",
      "[0.25883546 0.43000968 0.31115486]\n",
      "\n",
      "Pre-adjustment group rates are \n",
      "\n",
      "0\n",
      "      fpr     tpr\n",
      "0  0.3582  0.5833\n",
      "1  0.1449  0.3235\n",
      "2  0.1714  0.7576\n",
      "\n",
      "1\n",
      "      fpr     tpr\n",
      "0  0.0345  0.5556\n",
      "1  0.0926  0.3077\n",
      "2  0.4545  0.9111\n",
      "\n",
      "\n",
      "And loss is 0.3706\n",
      "\n",
      "[0.70564831 0.22222223 0.07212946]\n",
      "[0.61569455 0.32352941 0.06077604]\n",
      "[0.80586793 0.06060614 0.13352592]\n",
      "[0.70564831 0.24550073 0.04885096]\n",
      "[0.59755751 0.32352941 0.07891308]\n",
      "[0.74166112 0.12481295 0.13352592]\n",
      "\n",
      "Pre-adjustment group rates are \n",
      "\n",
      "0\n",
      "      fpr     tpr\n",
      "0  0.3333  0.5833\n",
      "1  0.1429  0.3750\n",
      "2  0.1618  0.7647\n",
      "\n",
      "1\n",
      "      fpr     tpr\n",
      "0  0.0351  0.4545\n",
      "1  0.1091  0.3077\n",
      "2  0.4583  0.9091\n",
      "\n",
      "\n",
      "And loss is 0.3647\n",
      "\n",
      "[0.62043755 0.25403519 0.12552725]\n",
      "[0.50782235 0.3954512  0.09672645]\n",
      "[0.59396622 0.18393672 0.22209706]\n",
      "[0.62043755 0.29072362 0.08883882]\n",
      "[0.47299901 0.3954512  0.1315498 ]\n",
      "[0.57559964 0.2023033  0.22209706]\n",
      "\n",
      "Pre-adjustment group rates are \n",
      "\n",
      "0\n",
      "      fpr     tpr\n",
      "0  0.3333  0.5625\n",
      "1  0.1385  0.3611\n",
      "2  0.1618  0.8182\n",
      "\n",
      "1\n",
      "      fpr     tpr\n",
      "0  0.0000  0.5556\n",
      "1  0.0678  0.4000\n",
      "2  0.4737  0.9400\n",
      "\n",
      "\n",
      "And loss is 0.3294\n",
      "\n",
      "[0.62280332 0.25       0.12719668]\n",
      "[0.5329122  0.36111111 0.10597669]\n",
      "[0.73957569 0.03030303 0.23012128]\n",
      "[0.62280332 0.29559339 0.08160329]\n",
      "[0.49200297 0.36111111 0.14688592]\n",
      "[0.65970092 0.11017781 0.23012128]\n",
      "\n",
      "Pre-adjustment group rates are \n",
      "\n",
      "0\n",
      "      fpr     tpr\n",
      "0  0.2812  0.5882\n",
      "1  0.1176  0.3333\n",
      "2  0.2031  0.8529\n",
      "\n",
      "1\n",
      "      fpr     tpr\n",
      "0  0.0328  0.4545\n",
      "1  0.0667  0.3333\n",
      "2  0.4348  0.9592\n",
      "\n",
      "\n",
      "And loss is 0.3235\n",
      "\n",
      "[0.70846024 0.17647059 0.11506917]\n",
      "[0.57741487 0.33333333 0.0892518 ]\n",
      "[0.71401805 0.05882353 0.22715842]\n",
      "[0.70846024 0.20542167 0.08611809]\n",
      "[0.5482543  0.33333333 0.11841237]\n",
      "[0.67489902 0.09794255 0.22715842]\n",
      "\n",
      "Pre-adjustment group rates are \n",
      "\n",
      "0\n",
      "      fpr     tpr\n",
      "0  0.3182  0.5625\n",
      "1  0.1324  0.4333\n",
      "2  0.1452  0.7778\n",
      "\n",
      "1\n",
      "      fpr     tpr\n",
      "0  0.0312  0.3333\n",
      "1  0.0833  0.2308\n",
      "2  0.5455  0.9412\n",
      "\n",
      "\n",
      "And loss is 0.3392\n",
      "\n",
      "[0.48169711 0.32839065 0.18991224]\n",
