{
 "cells": [
  {
   "cell_type": "markdown",
   "id": "f7aa95c8-06af-4ff4-9f34-56b69b4b82d1",
   "metadata": {},
   "source": [
    "# Testing DEMV on _The Trump Effect_ dataset"
   ]
  },
  {
   "cell_type": "markdown",
   "id": "92f4a035-6672-47e9-a326-b62c5ac9a9b8",
   "metadata": {},
   "source": [
    "**Protected group:** `GENDER=0 & RELIGION=0`"
   ]
  },
  {
   "cell_type": "code",
   "execution_count": 4,
   "id": "ad1352b9-5aa4-4b3b-856f-374f9f26e03f",
   "metadata": {},
   "outputs": [],
   "source": [
    "import pandas as pd\n",
    "\n",
    "from sklearn.linear_model import LogisticRegression\n",
    "from sklearn.preprocessing import StandardScaler, LabelEncoder\n",
    "from sklearn.pipeline import Pipeline\n",
    "\n",
    "import seaborn as sns\n",
    "\n",
    "from fairlearn.reductions import ZeroOneLoss, ExponentiatedGradient, BoundedGroupLoss\n",
    "\n",
    "from utils import *\n",
    "from demv import DEMV\n",
    "\n",
    "import warnings\n",
    "warnings.filterwarnings('ignore')\n",
    "\n",
    "sns.set_style('whitegrid')"
   ]
  },
  {
   "cell_type": "code",
   "execution_count": 5,
   "id": "e0297bd9-3f95-4de0-b958-6f54f8d7f546",
   "metadata": {
    "tags": []
   },
   "outputs": [],
   "source": [
    "def make_data():\n",
    "    data = pd.read_csv('data2/data_e28.csv - data_e28.csv.csv', index_col='[meta] uuid')\n",
    "    data.rename(columns = lambda c: c[c.find(\"]\")+1:].replace(\"_\", \" \").upper().strip(), inplace=True)\n",
    "    \n",
    "    voted = data['VOTED PARTY LAST ELECTION DE'][data['COUNTRY CODE'] == 'DE']\\\n",
    "    .append(data['VOTED PARTY LAST ELECTION IT'][data['COUNTRY CODE'] == 'IT'])\\\n",
    "    .append(data['VOTED PARTY LAST ELECTION FR'][data['COUNTRY CODE'] == 'FR'])\\\n",
    "    .append(data['VOTED PARTY LAST ELECTION GB'][data['COUNTRY CODE'] == 'GB'])\\\n",
    "    .append(data['VOTED PARTY LAST ELECTION ES'][data['COUNTRY CODE'] == 'ES'])\\\n",
    "    .append(data['VOTED PARTY LAST ELECTION PL'][data['COUNTRY CODE'] == 'PL'])\n",
    "\n",
    "    rankingParty = data['RANKING PARTY DE'][data['COUNTRY CODE'] == 'DE']\\\n",
    "    .append(data['RANKING PARTY IT'][data['COUNTRY CODE'] == 'IT'])\\\n",
    "    .append(data['RANKING PARTY FR'][data['COUNTRY CODE'] == 'FR'])\\\n",
    "    .append(data['RANKING PARTY GB'][data['COUNTRY CODE'] == 'GB'])\\\n",
    "    .append(data['RANKING PARTY ES'][data['COUNTRY CODE'] == 'ES'])\\\n",
    "    .append(data['RANKING PARTY PL'][data['COUNTRY CODE'] == 'PL'])\n",
    "\n",
    "    voteNextElection = pd.concat([data['VOTE NEXTELECTION DE'][data['COUNTRY CODE'] == 'DE'],\n",
    "                                    data['VOTE NEXTELECTION IT'][data['COUNTRY CODE'] == 'IT'],\n",
    "                                    data['VOTE NEXTELECTION FR'][data['COUNTRY CODE'] == 'FR'],\n",
    "                                    data['VOTE NEXTELECTION GB'][data['COUNTRY CODE'] == 'GB'],\n",
    "                                    data['VOTE NEXTELECTION ES'][data['COUNTRY CODE'] == 'ES'],\n",
    "                                    data['VOTE NEXTELECTION PL'][data['COUNTRY CODE'] == 'PL']], verify_integrity=True)\n",
    "\n",
    "    data['VOTED PARTY LAST ELECTION'] = voted\n",
    "    data['RANKING PARTY'] = rankingParty\n",
    "    data['VOTE NEXT ELECTION'] = voteNextElection\n",
    "\n",
    "    data.drop(['VOTED PARTY LAST ELECTION DE', 'VOTED PARTY LAST ELECTION IT', 'VOTED PARTY LAST ELECTION FR',\n",
    "               'VOTED PARTY LAST ELECTION GB', 'VOTED PARTY LAST ELECTION ES', 'VOTED PARTY LAST ELECTION PL',\n",
    "               'RANKING PARTY DE', 'RANKING PARTY IT', 'RANKING PARTY FR', 'RANKING PARTY GB', 'RANKING PARTY ES', \n",
    "               'RANKING PARTY PL', 'VOTE NEXTELECTION DE', 'VOTE NEXTELECTION IT', 'VOTE NEXTELECTION FR', 'VOTE NEXTELECTION GB',\n",
    "               'VOTE NEXTELECTION ES', 'VOTE NEXTELECTION PL'], axis=1, inplace=True)\n",
    "\n",
    "    data.drop('VOTE REFERENDUM', axis = 1, inplace=True)\n",
    "\n",
    "    data.drop('EMPLOYMENT STATUS IN EDUCATION', axis=1, inplace=True)\n",
    "\n",
    "    data.drop('ORIGIN', axis=1, inplace=True)\n",
    "\n",
    "    data['MEMBER ORGANIZATION'].fillna('Not member', inplace=True)\n",
    "    data.loc[data['MEMBER ORGANIZATION']=='Not member', 'ORGANIZATION ACTIVITIES TIMEPERWEEK'] = 'Not member'\n",
    "\n",
    "    data.drop(data.loc[data['HOUSEHOLD SIZE'].isnull()].index, inplace=True)\n",
    "\n",
    "    data.drop(data.loc[data['SOCIAL NETWORKS REGULARLY USED'].isnull()].index, inplace=True)\n",
    "\n",
    "    nullcols = data.isna().any()[data.isna().any()==True].index\n",
    "    data.drop(nullcols, axis=1, inplace=True)\n",
    "\n",
    "    data.drop('WEIGHT', axis=1, inplace=True)\n",
    "    data.loc[data['GENDER']=='male', 'GENDER'] = 1\n",
    "    data.loc[data['GENDER']!=1, 'GENDER'] = 0\n",
    "    data['GENDER'] = data['GENDER'].astype(int)\n",
    "    data.loc[data['RELIGION'] == 'Roman Catholic', 'RELIGION'] = 1\n",
    "    data.loc[data['RELIGION'] != 1, 'RELIGION'] = 0\n",
    "    data['RELIGION'] = data['RELIGION'].astype(int)\n",
    "    enc = LabelEncoder()\n",
    "    data['POLITICAL VIEW'] = enc.fit_transform(data['POLITICAL VIEW'].values)\n",
    "    data.rename(columns= lambda c: c.replace(\" \", \"_\"), inplace=True)\n",
    "    for c in data.columns:\n",
    "        if len(data[c].unique())>6:\n",
    "            data.drop(c, axis=1, inplace=True)\n",
    "    return data"
   ]
  },
  {
   "cell_type": "code",
   "execution_count": 6,
   "id": "a5b1985d-489a-4f73-988f-5ff061a8600d",
   "metadata": {},
   "outputs": [],
   "source": [
    "data = make_data()"
   ]
  },
  {
   "cell_type": "code",
   "execution_count": 7,
   "id": "dea19ba7-8f07-4946-ab23-334a8f17f458",
   "metadata": {},
   "outputs": [],
   "source": [
    "data = pd.get_dummies(data)"
   ]
  },
  {
   "cell_type": "code",
   "execution_count": 8,
   "id": "ab6c1f74",
   "metadata": {},
   "outputs": [
    {
     "data": {
      "text/plain": [
       "(7951, 204)"
      ]
     },
     "execution_count": 8,
     "metadata": {},
     "output_type": "execute_result"
    }
   ],
   "source": [
    "data.shape"
   ]
  },
  {
   "cell_type": "code",
   "execution_count": 9,
   "id": "f1c703d0",
   "metadata": {},
   "outputs": [
    {
     "data": {
      "text/plain": [
       "(2442, 204)"
      ]
     },
     "execution_count": 9,
     "metadata": {},
     "output_type": "execute_result"
    }
   ],
   "source": [
    "data[(data['GENDER']==0)&(data['RELIGION']==0)].shape"
   ]
  },
  {
   "cell_type": "code",
   "execution_count": 10,
   "id": "f9e74e71-1d30-47fb-9e5d-72625b80efee",
   "metadata": {},
   "outputs": [],
   "source": [
    "label = 'POLITICAL_VIEW'\n",
    "protected_group = {'GENDER': 0, 'RELIGION': 0}\n",
    "sensitive_variables=['GENDER', 'RELIGION']\n",
    "positive_label = 3"
   ]
  },
  {
   "cell_type": "code",
   "execution_count": 11,
   "id": "1a07e09c",
   "metadata": {},
   "outputs": [],
   "source": [
    "pipeline = Pipeline(\n",
    "    steps=[\n",
    "        (\"scaler\", StandardScaler()),\n",
    "        (\n",
    "            \"classifier\",\n",
    "            LogisticRegression(),\n",
    "        ),\n",
    "    ]\n",
    ")\n"
   ]
  },
  {
   "cell_type": "markdown",
   "id": "7021f008-3e92-4795-adf5-55a6eea1c3de",
   "metadata": {},
   "source": [
    "## Bias dataset"
   ]
  },
  {
   "cell_type": "markdown",
   "id": "44b9bf4e-4269-4ce2-9b0f-21731a2a8801",
   "metadata": {},
   "source": [
    "### Logistic Regression"
   ]
  },
  {
   "cell_type": "code",
   "execution_count": 12,
   "id": "bf02a191-dce0-46f4-8b7f-9bc8968b2869",
   "metadata": {},
   "outputs": [
    {
     "name": "stdout",
     "output_type": "stream",
     "text": [
      "Statistical parity:  -0.011  +-  0.009\n",
      "Disparate impact:  0.718  +-  0.211\n",
      "Zero one loss:  0.067  +-  0.041\n",
      "F1 score:  0.387  +-  0.012\n",
      "Accuracy score:  0.396  +-  0.014\n"
     ]
    }
   ],
   "source": [
    "model, lr_metrics, pred = cross_val2(pipeline, data, label, protected_group, sensitive_features=sensitive_variables, positive_label=positive_label)\n",
    "print_metrics(lr_metrics)"
   ]
  },
  {
   "cell_type": "markdown",
   "id": "b96435ba-b5a4-4a75-9c1b-ff652806c8d6",
   "metadata": {},
   "source": [
    "## DEMV application"
   ]
  },
  {
   "cell_type": "code",
   "execution_count": 13,
   "id": "e6bb6557-525e-4322-8d91-e1901b5a5de7",
   "metadata": {},
   "outputs": [],
   "source": [
    "demv = DEMV(round_level=1)\n",
    "demv_data = data.copy()"
   ]
  },
  {
   "cell_type": "markdown",
   "id": "4be387fe-5e0a-4dca-ab15-f2f05121a75c",
   "metadata": {},
   "source": [
    "### Logistic regression"
   ]
  },
  {
   "cell_type": "code",
   "execution_count": 14,
   "id": "2b03497c-a5cb-42a3-98bd-70c56e76c326",
   "metadata": {},
   "outputs": [
    {
     "name": "stdout",
     "output_type": "stream",
     "text": [
      "Statistical parity:  -0.007  +-  0.013\n",
      "Disparate impact:  0.72  +-  0.219\n",
      "Zero one loss:  0.068  +-  0.046\n",
      "F1 score:  0.381  +-  0.012\n",
      "Accuracy score:  0.391  +-  0.013\n"
     ]
    }
   ],
   "source": [
    "model, metrics_demv = cross_val(pipeline, demv_data, label, protected_group, sensitive_features=sensitive_variables, debiaser=demv, positive_label=positive_label)\n",
    "print_metrics(metrics_demv)"
   ]
  },
  {
   "cell_type": "markdown",
   "id": "1b8a6161-89ac-4406-b7d3-580fc3169365",
   "metadata": {},
   "source": [
    "##  Blackbox Postprocessing"
   ]
  },
  {
   "cell_type": "code",
   "execution_count": 15,
   "id": "50274773",
   "metadata": {},
   "outputs": [],
   "source": [
    "sensitive_features = ['combined']\n",
    "unpriv_group = {'combined': 1}"
   ]
  },
  {
   "cell_type": "code",
   "execution_count": 17,
   "id": "e9689067",
   "metadata": {},
   "outputs": [
    {
     "data": {
      "text/html": [
       "<div>\n",
       "<style scoped>\n",
       "    .dataframe tbody tr th:only-of-type {\n",
       "        vertical-align: middle;\n",
       "    }\n",
       "\n",
       "    .dataframe tbody tr th {\n",
       "        vertical-align: top;\n",
       "    }\n",
       "\n",
       "    .dataframe thead th {\n",
       "        text-align: right;\n",
       "    }\n",
       "</style>\n",
       "<table border=\"1\" class=\"dataframe\">\n",
       "  <thead>\n",
       "    <tr style=\"text-align: right;\">\n",
       "      <th></th>\n",
       "      <th>tp</th>\n",
       "      <th>fp</th>\n",
       "      <th>tn</th>\n",
       "      <th>fn</th>\n",
       "      <th>sens</th>\n",
       "      <th>spec</th>\n",
       "      <th>ppv</th>\n",
       "      <th>npv</th>\n",
       "      <th>j</th>\n",
       "      <th>f1</th>\n",
       "      <th>mcc</th>\n",
       "      <th>brier</th>\n",
       "      <th>auc</th>\n",
       "      <th>ap</th>\n",
       "      <th>true_prev</th>\n",
       "      <th>pred_prev</th>\n",
       "      <th>prev_diff</th>\n",
       "      <th>rel_prev_diff</th>\n",
       "    </tr>\n",
       "  </thead>\n",
       "  <tbody>\n",
       "    <tr>\n",
       "      <th>0</th>\n",
       "      <td>830.0</td>\n",
       "      <td>1200.0</td>\n",
       "      <td>4870.0</td>\n",
       "      <td>1052.0</td>\n",
       "      <td>0.3964</td>\n",
       "      <td>0.7898</td>\n",
       "      <td>0.3854</td>\n",
       "      <td>0.8108</td>\n",
       "      <td>0.1862</td>\n",
       "      <td>0.3868</td>\n",
       "      <td>0.1904</td>\n",
       "      <td>0.2832</td>\n",
       "      <td>0.0</td>\n",
       "      <td>0.0</td>\n",
       "      <td>1882.0</td>\n",
       "      <td>2029.0</td>\n",
       "      <td>147.0</td>\n",
       "      <td>0.0</td>\n",
       "    </tr>\n",
       "  </tbody>\n",
       "</table>\n",
       "</div>"
      ],
      "text/plain": [
       "      tp      fp      tn      fn    sens    spec     ppv     npv       j  \\\n",
       "0  830.0  1200.0  4870.0  1052.0  0.3964  0.7898  0.3854  0.8108  0.1862   \n",
       "\n",
       "       f1     mcc   brier  auc   ap  true_prev  pred_prev  prev_diff  \\\n",
       "0  0.3868  0.1904  0.2832  0.0  0.0     1882.0     2029.0      147.0   \n",
       "\n",
       "   rel_prev_diff  \n",
       "0            0.0  "
      ]
     },
     "execution_count": 17,
     "metadata": {},
     "output_type": "execute_result"
    }
   ],
   "source": [
    "data.loc[:,\"combined\"] = 0\n",
    "data.loc[(data['GENDER'] == 0) & (data[\"RELIGION\"] == 0),\"combined\"] = 1\n",
    "#Now pred has the actual values on column \"y_true\" and predicted values on column \"contr_use\"\n",
    "\n",
    "pred.loc[:,\"combined\"] = 0\n",
    "pred.loc[(pred['GENDER'] == 0) & (pred[\"RELIGION\"] == 0),\"combined\"] = 1\n",
    "\n",
    "y_pred = pred[label].values\n",
    "y_true = pred['y_true'].values\n",
    "\n",
    "import tools\n",
    "stats = tools.clf_metrics(y_true, y_pred)\n",
    "stats"
   ]
  },
  {
   "cell_type": "code",
   "execution_count": 20,
   "id": "f6c786f1",
   "metadata": {},
   "outputs": [],
   "source": [
    "%load_ext autoreload\n",
    "%autoreload 2"
   ]
  },
  {
   "cell_type": "code",
   "execution_count": 22,
   "id": "27918931",
   "metadata": {},
   "outputs": [
    {
     "name": "stdout",
     "output_type": "stream",
     "text": [
      "___:____\n",
      "[[[0.48427673 0.35220126 0.         0.02515723 0.10691824 0.03144654]\n",
      "  [0.35028249 0.46892655 0.         0.03389831 0.06779661 0.07909605]\n",
      "  [0.10526316 0.36842105 0.10526316 0.10526316 0.26315789 0.05263158]\n",
      "  [0.05263158 0.42105263 0.15789474 0.21052632 0.05263158 0.10526316]\n",
      "  [0.36082474 0.25773196 0.03092784 0.02061856 0.26804124 0.06185567]\n",
      "  [0.15189873 0.29113924 0.01265823 0.06329114 0.10126582 0.37974684]]\n",
      "\n",
      " [[0.5505618  0.24719101 0.         0.03370787 0.15730337 0.01123596]\n",
      "  [0.38888889 0.37037037 0.         0.         0.12962963 0.11111111]\n",
      "  [0.11111111 0.38888889 0.16666667 0.         0.33333333 0.        ]\n",
      "  [0.16666667 0.16666667 0.         0.16666667 0.33333333 0.16666667]\n",
      "  [0.42622951 0.21311475 0.03278689 0.03278689 0.26229508 0.03278689]\n",
      "  [0.16666667 0.44444444 0.05555556 0.05555556 0.11111111 0.16666667]]]\n",
      "\n",
      "Pre-adjustment group rates are \n",
      "\n",
      "0\n",
      "      fpr     tpr\n",
      "0  0.2864  0.4843\n",
      "1  0.3190  0.4689\n",
      "2  0.0132  0.1053\n",
      "3  0.0358  0.2105\n",
      "4  0.0949  0.2680\n",
      "5  0.0594  0.3797\n",
      "\n",
      "1\n",
      "      fpr     tpr\n",
      "0  0.3376  0.5506\n",
      "1  0.2656  0.3704\n",
      "2  0.0132  0.1667\n",
      "3  0.0250  0.1667\n",
      "4  0.1676  0.2623\n",
      "5  0.0439  0.1667\n",
      "\n",
      "\n",
      "And loss is 0.6055\n",
      "\n",
      "___:____\n",
      "[[[0.4751773  0.35460993 0.         0.02836879 0.11347518 0.02836879]\n",
      "  [0.34810127 0.47468354 0.         0.03797468 0.06962025 0.06962025]\n",
      "  [0.11764706 0.41176471 0.11764706 0.11764706 0.17647059 0.05882353]\n",
      "  [0.05882353 0.47058824 0.11764706 0.23529412 0.05882353 0.05882353]\n",
      "  [0.31868132 0.27472527 0.03296703 0.02197802 0.28571429 0.06593407]\n",
      "  [0.15714286 0.27142857 0.01428571 0.07142857 0.1        0.38571429]]\n",
      "\n",
      " [[0.55421687 0.24096386 0.         0.03614458 0.15662651 0.01204819]\n",
      "  [0.4        0.36       0.         0.         0.12       0.12      ]\n",
      "  [0.11111111 0.38888889 0.16666667 0.         0.33333333 0.        ]\n",
      "  [0.25       0.25       0.         0.25       0.         0.25      ]\n",
      "  [0.45283019 0.20754717 0.03773585 0.01886792 0.24528302 0.03773585]\n",
      "  [0.21428571 0.35714286 0.07142857 0.07142857 0.14285714 0.14285714]]]\n",
      "\n",
      "Pre-adjustment group rates are \n",
      "\n",
      "0\n",
      "      fpr     tpr\n",
      "0  0.2776  0.4752\n",
      "1  0.3244  0.4747\n",
      "2  0.0126  0.1176\n",
      "3  0.0398  0.2353\n",
      "4  0.0943  0.2857\n",
      "5  0.0542  0.3857\n",
      "\n",
      "1\n",
      "      fpr     tpr\n",
      "0  0.3597  0.5542\n",
      "1  0.2558  0.3600\n",
      "2  0.0147  0.1667\n",
      "3  0.0229  0.2500\n",
      "4  0.1598  0.2453\n",
      "5  0.0481  0.1429\n",
      "\n",
      "\n",
      "And loss is 0.6034\n",
      "\n",
      "[0.53623651 0.18934357 0.09895714 0.02836879 0.02744673 0.11964725]\n",
      "[0.43143744 0.25668034 0.06496602 0.03797468 0.02983965 0.17910187]\n",
      "[0.18985771 0.22249782 0.24127782 0.14559833 0.04634511 0.1544232 ]\n",
      "[0.14092462 0.25342721 0.14573676 0.26324539 0.02521211 0.17145391]\n",
      "[0.36821043 0.15116686 0.26407002 0.02981052 0.06773896 0.11900321]\n",
      "[0.22230451 0.18200807 0.09741825 0.07482265 0.11399641 0.30945011]\n",
      "[0.53623651 0.17180746 0.11337151 0.05907403 0.043255   0.07625549]\n",
      "[0.38702288 0.25668034 0.08686002 0.02037108 0.03313998 0.21592571]\n",
      "[0.10750635 0.27727814 0.24127782 0.01159205 0.09205551 0.27029012]\n",
      "[2.41889297e-01 1.78250236e-01 4.34626884e-12 2.63245393e-01\n",
      " 5.66692752e-12 3.16615074e-01]\n",
      "[0.4381391  0.14798133 0.17754406 0.03782177 0.06773896 0.13077478]\n",
      "[0.20733368 0.25464319 0.10340478 0.08571587 0.03945236 0.30945011]\n",
      "___:____\n",
      "[[[0.48979592 0.36054422 0.         0.01360544 0.10204082 0.03401361]\n",
      "  [0.35333333 0.45333333 0.         0.04       0.07333333 0.08      ]\n",
      "  [0.06666667 0.26666667 0.13333333 0.13333333 0.33333333 0.06666667]\n",
      "  [0.05882353 0.35294118 0.17647059 0.23529412 0.05882353 0.11764706]\n",
      "  [0.37634409 0.23655914 0.03225806 0.02150538 0.2688172  0.06451613]\n",
      "  [0.12857143 0.31428571 0.01428571 0.05714286 0.1        0.38571429]]\n",
      "\n",
      " [[0.55555556 0.2345679  0.         0.03703704 0.16049383 0.01234568]\n",
      "  [0.38297872 0.40425532 0.         0.         0.14893617 0.06382979]\n",
      "  [0.11764706 0.35294118 0.17647059 0.         0.35294118 0.        ]\n",
      "  [0.16666667 0.16666667 0.         0.16666667 0.33333333 0.16666667]\n",
      "  [0.42857143 0.21428571 0.03571429 0.03571429 0.25       0.03571429]\n",
      "  [0.17647059 0.47058824 0.05882353 0.05882353 0.11764706 0.11764706]]]\n",
      "\n",
      "Pre-adjustment group rates are \n",
      "\n",
      "0\n",
      "      fpr     tpr\n",
      "0  0.2870  0.4898\n",
      "1  0.3129  0.4533\n",
      "2  0.0147  0.1333\n",
      "3  0.0337  0.2353\n",
      "4  0.0977  0.2688\n",
      "5  0.0616  0.3857\n",
      "\n",
      "1\n",
      "      fpr     tpr\n",
      "0  0.3357  0.5556\n",
      "1  0.2599  0.4043\n",
      "2  0.0145  0.1765\n",
      "3  0.0275  0.1667\n",
      "4  0.1786  0.2500\n",
      "5  0.0338  0.1176\n",
      "\n",
      "\n",
      "And loss is 0.6061\n",
      "\n",
      "[5.13630017e-01 6.25632155e-10 4.85116364e-02 1.79074400e-01\n",
      " 1.08043806e-09 2.58783946e-01]\n",
      "[3.83301341e-01 6.89095857e-10 3.48636961e-02 2.50182832e-01\n",
      " 1.39083265e-09 3.31652129e-01]\n",
      "[8.42949080e-02 6.73979589e-10 2.19717667e-01 3.30178516e-01\n",
      " 2.16824135e-09 3.65808906e-01]\n",
      "[8.21550256e-02 7.59313953e-10 1.09026840e-01 4.97506324e-01\n",
      " 1.75638023e-09 3.11311808e-01]\n",
      "[3.91982040e-01 5.99506312e-10 1.42617130e-01 1.49925784e-01\n",
      " 1.74501246e-09 3.15475044e-01]\n",
      "[1.49347571e-01 7.47537997e-10 5.41035097e-02 2.29465867e-01\n",
      " 3.31429391e-09 5.67083048e-01]\n",
      "[5.13630017e-01 7.55491421e-10 5.75541152e-02 1.84121965e-01\n",
      " 2.19339066e-09 2.44693900e-01]\n",
      "[3.54076863e-01 6.89095857e-10 4.34049757e-02 1.45909272e-01\n",
      " 1.53962349e-09 4.56608888e-01]\n",
      "[1.08768710e-01 4.23456292e-10 2.19717667e-01 3.18572446e-01\n",
      " 6.32836196e-10 3.52941177e-01]\n",
      "[1.54089005e-01 3.81039081e-10 4.50370173e-02 4.97506324e-01\n",
      " 7.74090424e-10 3.03367652e-01]\n",
      "[3.96228870e-01 6.34509301e-10 9.24013594e-02 2.67790986e-01\n",
      " 1.74501246e-09 2.43578783e-01]\n",
      "[1.63153064e-01 5.43235492e-10 8.35972960e-02 1.86166590e-01\n",
      " 7.78610532e-10 5.67083048e-01]\n",
      "___:____\n",
      "[[[0.49635036 0.34306569 0.         0.02919708 0.09489051 0.03649635]\n",
      "  [0.35582822 0.4601227  0.         0.03680982 0.06748466 0.0797546 ]\n",
      "  [0.11111111 0.38888889 0.11111111 0.11111111 0.27777778 0.        ]\n",
      "  [0.05555556 0.44444444 0.16666667 0.22222222 0.05555556 0.05555556]\n",
      "  [0.36781609 0.26436782 0.02298851 0.02298851 0.25287356 0.06896552]\n",
      "  [0.14864865 0.28378378 0.01351351 0.06756757 0.09459459 0.39189189]]\n",
      "\n",
      " [[0.5875     0.225      0.         0.025      0.1625     0.        ]\n",
      "  [0.36956522 0.39130435 0.         0.         0.13043478 0.10869565]\n",
      "  [0.14285714 0.42857143 0.14285714 0.         0.28571429 0.        ]\n",
      "  [0.16666667 0.16666667 0.         0.16666667 0.33333333 0.16666667]\n",
      "  [0.43636364 0.2        0.01818182 0.03636364 0.29090909 0.01818182]\n",
      "  [0.16666667 0.44444444 0.05555556 0.05555556 0.11111111 0.16666667]]]\n",
      "\n",
      "Pre-adjustment group rates are \n",
      "\n",
      "0\n",
      "      fpr     tpr\n",
      "0  0.2889  0.4964\n",
      "1  0.3174  0.4601\n",
      "2  0.0125  0.1111\n",
      "3  0.0397  0.2222\n",
      "4  0.0902  0.2529\n",
      "5  0.0591  0.3919\n",
      "\n",
      "1\n",
      "      fpr     tpr\n",
      "0  0.3381  0.5875\n",
      "1  0.2543  0.3913\n",
      "2  0.0098  0.1429\n",
      "3  0.0235  0.1667\n",
      "4  0.1646  0.2909\n",
      "5  0.0348  0.1667\n",
      "\n",
      "\n",
      "And loss is 0.5992\n",
      "\n",
      "[0.49635036 0.01723407 0.03888579 0.19273558 0.03994371 0.21485048]\n",
      "[0.35582822 0.02311449 0.02765497 0.25614908 0.04898089 0.28827234]\n",
      "[0.11111111 0.01953603 0.18100191 0.34043494 0.05835301 0.289563  ]\n",
      "[0.05555556 0.02232689 0.12352084 0.5        0.04657226 0.25202446]\n",
      "[0.36781609 0.01328065 0.11752383 0.15810329 0.04458741 0.29868873]\n",
      "[0.14864865 0.01425602 0.0469338  0.20819078 0.03427815 0.5476926 ]\n",
      "[0.49635036 0.0149735  0.04825131 0.1875     0.06003045 0.19289438]\n",
      "[0.31652695 0.02311449 0.04799765 0.13043478 0.03776199 0.44416414]\n",
      "[0.12712819 0.02414068 0.18100191 0.28571428 0.01459707 0.36741787]\n",
      "[0.1425787  0.00988661 0.02095338 0.5        0.01702992 0.30955139]\n",
      "[0.36922854 0.01292452 0.05634331 0.32727273 0.04458741 0.18964349]\n",
      "[0.14735996 0.02511787 0.09613298 0.16666667 0.01702992 0.5476926 ]\n",
      "___:____\n",
      "[[[0.48648649 0.35135135 0.         0.02702703 0.10135135 0.03378378]\n",
      "  [0.35849057 0.48427673 0.         0.01257862 0.06289308 0.08176101]\n",
      "  [0.0625     0.4375     0.0625     0.125      0.25       0.0625    ]\n",
      "  [0.05263158 0.42105263 0.15789474 0.21052632 0.05263158 0.10526316]\n",
      "  [0.3253012  0.30120482 0.02409639 0.02409639 0.25301205 0.07228916]\n",
      "  [0.14492754 0.31884058 0.         0.05797101 0.08695652 0.39130435]]\n",
      "\n",
      " [[0.55555556 0.25925926 0.         0.02469136 0.14814815 0.01234568]\n",
      "  [0.39215686 0.35294118 0.         0.         0.1372549  0.11764706]\n",
      "  [0.06666667 0.33333333 0.2        0.         0.4        0.        ]\n",
      "  [0.16666667 0.16666667 0.         0.16666667 0.33333333 0.16666667]\n",
      "  [0.39622642 0.24528302 0.03773585 0.03773585 0.24528302 0.03773585]\n",
      "  [0.1875     0.4375     0.0625     0.         0.125      0.1875    ]]]\n",
      "\n",
      "Pre-adjustment group rates are \n",
      "\n",
      "0\n",
      "      fpr     tpr\n",
      "0  0.2775  0.4865\n",
      "1  0.3403  0.4843\n",
      "2  0.0105  0.0625\n",
      "3  0.0295  0.2105\n",
      "4  0.0876  0.2530\n",
      "5  0.0635  0.3913\n",
      "\n",
      "1\n",
      "      fpr     tpr\n",
      "0  0.3262  0.5556\n",
      "1  0.2749  0.3529\n",
      "2  0.0145  0.2000\n",
      "3  0.0185  0.1667\n",
      "4  0.1716  0.2453\n",
      "5  0.0485  0.1875\n",
      "\n",
      "\n",
      "And loss is 0.6020\n",
      "\n",
      "[5.01274918e-01 1.92394828e-09 1.49053145e-01 1.63480037e-01\n",
      " 7.84320008e-11 1.86191898e-01]\n",
      "[3.78873847e-01 3.26676336e-09 1.21105539e-01 2.13755012e-01\n",
      " 8.80578354e-11 2.86265599e-01]\n",
      "[8.09144410e-02 2.75523552e-09 3.37298360e-01 3.32739617e-01\n",
      " 1.20437695e-10 2.49047579e-01]\n",
      "[7.03537478e-02 3.45520406e-09 1.64206229e-01 4.87773408e-01\n",
      " 8.89333023e-11 2.77666612e-01]\n",
      "[3.37978961e-01 2.42392452e-09 2.94188690e-01 1.71736286e-01\n",
      " 1.11948755e-10 1.96096060e-01]\n",
      "[1.58347584e-01 8.15397281e-09 1.40459706e-01 2.28590716e-01\n",
      " 1.32034564e-10 4.72601985e-01]\n",
      "[5.01274918e-01 4.60495570e-09 1.50024609e-01 1.67405465e-01\n",
      " 9.03532048e-11 1.81295003e-01]\n",
      "[3.53841119e-01 3.26676336e-09 1.66293157e-01 1.32220423e-01\n",
      " 8.04951666e-11 3.47645299e-01]\n",
      "[6.01529902e-02 6.09371038e-10 3.37298360e-01 3.85328089e-01\n",
      " 1.51642264e-10 2.17220560e-01]\n",
      "[1.50382475e-01 1.42644667e-09 8.65671688e-02 4.87773408e-01\n",
      " 1.30035918e-10 2.75276946e-01]\n",
      "[3.57513055e-01 3.30261246e-09 1.70887607e-01 2.74021942e-01\n",
      " 1.11948755e-10 1.97577393e-01]\n",
      "[1.69180285e-01 1.59411325e-09 2.37802701e-01 1.20415028e-01\n",
      " 8.03035049e-11 4.72601985e-01]\n",
      "___:____\n",
      "[[[0.4893617  0.36879433 0.         0.02836879 0.08510638 0.02836879]\n",
      "  [0.35       0.475      0.         0.03125    0.06875    0.075     ]\n",
      "  [0.11111111 0.38888889 0.11111111 0.05555556 0.27777778 0.05555556]\n",
      "  [0.05555556 0.38888889 0.16666667 0.22222222 0.05555556 0.11111111]\n",
      "  [0.38636364 0.22727273 0.02272727 0.02272727 0.27272727 0.06818182]\n",
      "  [0.17391304 0.26086957 0.01449275 0.05797101 0.10144928 0.39130435]]\n",
      "\n",
      " [[0.51898734 0.25316456 0.         0.03797468 0.17721519 0.01265823]\n",
      "  [0.3877551  0.36734694 0.         0.         0.14285714 0.10204082]\n",
      "  [0.13333333 0.46666667 0.06666667 0.         0.33333333 0.        ]\n",
      "  [0.2        0.2        0.         0.2        0.4        0.        ]\n",
      "  [0.42105263 0.21052632 0.03508772 0.03508772 0.26315789 0.03508772]\n",
      "  [0.11764706 0.47058824 0.05882353 0.05882353 0.11764706 0.17647059]]]\n",
      "\n",
      "Pre-adjustment group rates are \n",
      "\n",
      "0\n",
      "      fpr     tpr\n",
      "0  0.2975  0.4894\n",
      "1  0.3114  0.4750\n",
      "2  0.0126  0.1111\n",
      "3  0.0336  0.2222\n",
      "4  0.0887  0.2727\n",
      "5  0.0588  0.3913\n",
      "\n",
      "1\n",
      "      fpr     tpr\n",
      "0  0.3357  0.5190\n",
      "1  0.2775  0.3673\n",
      "2  0.0145  0.0667\n",
      "3  0.0276  0.2000\n",
      "4  0.1818  0.2632\n",
      "5  0.0390  0.1765\n",
      "\n",
      "\n",
      "And loss is 0.6075\n",
      "\n",
      "[5.18987342e-01 3.21341674e-11 1.60683201e-01 1.77607564e-01\n",
      " 1.53876073e-02 1.27334286e-01]\n",
      "[3.97340332e-01 3.62131375e-11 1.66974778e-01 2.31805636e-01\n",
      " 1.11758171e-02 1.92703436e-01]\n",
      "[1.54509926e-01 2.75590819e-11 3.53408273e-01 3.29596350e-01\n",
      " 9.08019623e-03 1.53405255e-01]\n",
      "[1.02548232e-01 3.39134954e-11 1.35989303e-01 5.63863750e-01\n",
      " 2.73887839e-03 1.94859836e-01]\n",
      "[4.04149358e-01 3.15628709e-11 3.14540881e-01 1.48416520e-01\n",
      " 1.65914454e-02 1.16301795e-01]\n",
      "[2.13374883e-01 6.39032586e-11 1.54017558e-01 2.58518170e-01\n",
      " 7.00760211e-03 3.67081786e-01]\n",
      "[5.18987342e-01 3.27960750e-11 1.55457316e-01 1.99180142e-01\n",
      " 1.11729733e-02 1.15202227e-01]\n",
      "[3.87755102e-01 3.62131375e-11 2.22452522e-01 1.29951339e-01\n",
      " 9.00678464e-03 2.50834251e-01]\n",
      "[1.33333333e-01 5.46273437e-11 3.53408273e-01 3.03219792e-01\n",
      " 2.10158308e-02 1.89022771e-01]\n",
      "[2.00000000e-01 4.50012863e-11 1.29907494e-01 5.63863750e-01\n",
      " 2.52189970e-02 8.10097592e-02]\n",
      "[4.21052632e-01 3.83779110e-11 1.67523008e-01 2.74471765e-01\n",
      " 1.65914454e-02 1.20361150e-01]\n",
      "[1.17647059e-01 4.82158596e-11 3.42011523e-01 1.65842279e-01\n",
      " 7.41735208e-03 3.67081786e-01]\n",
      "___:____\n",
      "[[[0.48965517 0.33793103 0.         0.02758621 0.11724138 0.02758621]\n",
      "  [0.35220126 0.44654088 0.         0.03773585 0.0754717  0.08805031]\n",
      "  [0.11111111 0.38888889 0.11111111 0.11111111 0.22222222 0.05555556]\n",
      "  [0.05263158 0.42105263 0.15789474 0.21052632 0.05263158 0.10526316]\n",
      "  [0.35227273 0.25       0.03409091 0.02272727 0.27272727 0.06818182]\n",
      "  [0.14666667 0.28       0.01333333 0.06666667 0.10666667 0.38666667]]\n",
      "\n",
      " [[0.54054054 0.24324324 0.         0.04054054 0.16216216 0.01351351]\n",
      "  [0.42       0.36       0.         0.         0.1        0.12      ]\n",
      "  [0.11111111 0.38888889 0.16666667 0.         0.33333333 0.        ]\n",
      "  [0.         0.2        0.         0.2        0.4        0.2       ]\n",
      "  [0.47058824 0.17647059 0.03921569 0.03921569 0.25490196 0.01960784]\n",
      "  [0.14285714 0.5        0.07142857 0.07142857 0.         0.21428571]]]\n",
      "\n",
      "Pre-adjustment group rates are \n",
      "\n",
      "0\n",
      "      fpr     tpr\n",
      "0  0.2813  0.4897\n",
      "1  0.3101  0.4465\n",
      "2  0.0144  0.1111\n",
      "3  0.0392  0.2105\n",
      "4  0.1010  0.2727\n",
      "5  0.0629  0.3867\n",
      "\n",
      "1\n",
      "      fpr     tpr\n",
      "0  0.3551  0.5405\n",
      "1  0.2593  0.3600\n",
      "2  0.0155  0.1667\n",
      "3  0.0290  0.2000\n",
      "4  0.1553  0.2549\n",
      "5  0.0455  0.2143\n",
      "\n",
      "\n",
      "And loss is 0.6103\n",
      "\n",
      "[5.40540541e-01 2.15745106e-11 1.61189443e-01 2.75862069e-02\n",
      " 1.63149690e-01 1.07534119e-01]\n",
      "[4.43620273e-01 3.38488941e-11 1.87842942e-01 3.77358491e-02\n",
      " 1.42307714e-01 1.88493222e-01]\n",
      "[2.06770162e-01 2.65561844e-11 3.24244543e-01 1.11111111e-01\n",
      " 2.12714573e-01 1.45159611e-01]\n",
      "[1.61751939e-01 3.54038584e-11 3.29148856e-01 2.10526316e-01\n",
      " 1.00841225e-01 1.97731664e-01]\n",
      "[3.90735349e-01 2.56240079e-11 2.12219109e-01 2.27272728e-02\n",
      " 2.51805882e-01 1.22512387e-01]\n",
      "[2.10073742e-01 7.78248863e-11 1.49905316e-01 6.66666667e-02\n",
      " 1.57109329e-01 4.16244946e-01]\n",
      "[5.40540541e-01 2.70499304e-11 1.57868095e-01 4.94035226e-02\n",
      " 1.60192515e-01 9.19953270e-02]\n",
      "[4.20000000e-01 3.38488941e-11 2.33644780e-01 1.14167518e-02\n",
      " 9.87853844e-02 2.36153084e-01]\n",
      "[1.11111111e-01 6.64220150e-11 3.24244543e-01 1.50695446e-02\n",
      " 3.29284615e-01 2.20290186e-01]\n",
      "[8.58782702e-12 3.39417617e-11 1.29802656e-01 2.10526316e-01\n",
      " 3.95141538e-01 2.64529491e-01]\n",
      "[4.70588235e-01 3.25838279e-11 1.31437753e-01 4.73128123e-02\n",
      " 2.51805882e-01 9.88553178e-02]\n",
      "[1.42857143e-01 5.57219382e-11 3.55299706e-01 8.55982051e-02\n",
      " 5.49311657e-11 4.16244946e-01]\n",
      "___:____\n",
      "[[[0.49305556 0.34722222 0.         0.02777778 0.10416667 0.02777778]\n",
      "  [0.35220126 0.47798742 0.         0.03773585 0.04402516 0.08805031]\n",
      "  [0.10526316 0.36842105 0.10526316 0.10526316 0.26315789 0.05263158]\n",
      "  [0.         0.42857143 0.14285714 0.21428571 0.07142857 0.14285714]\n",
      "  [0.375      0.23863636 0.03409091 0.02272727 0.27272727 0.05681818]\n",
      "  [0.16438356 0.28767123 0.01369863 0.05479452 0.08219178 0.39726027]]\n",
      "\n",
      " [[0.53571429 0.25       0.         0.03571429 0.16666667 0.01190476]\n",
      "  [0.37209302 0.39534884 0.         0.         0.11627907 0.11627907]\n",
      "  [0.11111111 0.38888889 0.16666667 0.         0.33333333 0.        ]\n",
      "  [0.16666667 0.16666667 0.         0.16666667 0.33333333 0.16666667]\n",
      "  [0.40740741 0.2037037  0.03703704 0.03703704 0.27777778 0.03703704]\n",
      "  [0.2        0.33333333 0.06666667 0.06666667 0.13333333 0.2       ]]]\n",
      "\n",
      "Pre-adjustment group rates are \n",
      "\n",
      "0\n",
      "      fpr     tpr\n",
      "0  0.2918  0.4931\n",
      "1  0.3107  0.4780\n",
      "2  0.0126  0.1053\n",
      "3  0.0373  0.2143\n",
      "4  0.0831  0.2727\n",
      "5  0.0613  0.3973\n",
      "\n",
      "1\n",
      "      fpr     tpr\n",
      "0  0.3235  0.5357\n",
      "1  0.2542  0.3953\n",
      "2  0.0149  0.1667\n",
      "3  0.0280  0.1667\n",
      "4  0.1747  0.2778\n",
      "5  0.0439  0.2000\n",
      "\n",
      "\n",
      "And loss is 0.5969\n",
      "\n",
      "[0.50592433 0.27443622 0.11649446 0.06088939 0.01546913 0.02678647]\n",
      "[0.36991646 0.37778994 0.06393037 0.10946297 0.01836014 0.06054012]\n",
      "[0.1189176  0.29119127 0.37624624 0.15329928 0.02092124 0.03942436]\n",
      "[0.01588374 0.33873271 0.23017477 0.31315771 0.01740573 0.08464533]\n",
      "[0.38384436 0.18861253 0.30910846 0.06552883 0.01657168 0.03633415]\n",
      "[0.17504525 0.22736853 0.10612798 0.27876352 0.01269471 0.2       ]\n",
      "[0.50592433 0.24338245 0.10803797 0.10895981 0.02179068 0.01190476]\n",
      "[0.3514017  0.37778994 0.08829253 0.05110153 0.01513523 0.11627907]\n",
      "[1.04932454e-01 3.67810706e-01 3.76246245e-01 1.46491047e-01\n",
      " 4.51954850e-03 3.92338951e-10]\n",
      "[0.15739868 0.15941078 0.19658684 0.31315771 0.00677932 0.16666667]\n",
      "[0.38475233 0.1978771  0.20464895 0.15911291 0.01657168 0.03703704]\n",
      "[0.18887842 0.31683062 0.16089269 0.12526309 0.00813519 0.2       ]\n",
      "___:____\n",
      "[[[0.47482014 0.34532374 0.         0.02877698 0.12230216 0.02877698]\n",
      "  [0.35185185 0.45679012 0.         0.03703704 0.07407407 0.08024691]\n",
      "  [0.11764706 0.29411765 0.11764706 0.11764706 0.29411765 0.05882353]\n",
      "  [0.06666667 0.4        0.13333333 0.2        0.06666667 0.13333333]\n",
      "  [0.38554217 0.24096386 0.03614458 0.01204819 0.27710843 0.04819277]\n",
      "  [0.14666667 0.29333333 0.01333333 0.06666667 0.10666667 0.37333333]]\n",
      "\n",
      " [[0.55421687 0.25301205 0.         0.02409639 0.15662651 0.01204819]\n",
      "  [0.3877551  0.34693878 0.         0.         0.14285714 0.12244898]\n",
      "  [0.0625     0.375      0.1875     0.         0.375      0.        ]\n",
      "  [0.2        0.         0.         0.2        0.4        0.2       ]\n",
      "  [0.42857143 0.21428571 0.01785714 0.03571429 0.26785714 0.03571429]\n",
      "  [0.17647059 0.47058824 0.         0.05882353 0.11764706 0.17647059]]]\n",
      "\n",
      "Pre-adjustment group rates are \n",
      "\n",
      "0\n",
      "      fpr     tpr\n",
      "0  0.2926  0.4748\n",
      "1  0.3070  0.4568\n",
      "2  0.0127  0.1176\n",
      "3  0.0378  0.2000\n",
      "4  0.1054  0.2771\n",
      "5  0.0577  0.3733\n",
      "\n",
      "1\n",
      "      fpr     tpr\n",
      "0  0.3357  0.5542\n",
      "1  0.2655  0.3469\n",
      "2  0.0048  0.1875\n",
      "3  0.0226  0.2000\n",
      "4  0.1765  0.2679\n",
      "5  0.0478  0.1765\n",
      "\n",
      "\n",
      "And loss is 0.6081\n",
      "\n",
      "[4.74820143e-01 2.96158453e-09 1.22302158e-01 2.06644417e-01\n",
      " 1.70808059e-09 1.96233277e-01]\n",
      "[3.51851852e-01 3.75829054e-09 7.40740741e-02 2.72317962e-01\n",
      " 1.59522999e-09 3.01756107e-01]\n",
      "[1.17647059e-01 2.57395980e-09 3.65761291e-01 3.15142959e-01\n",
      " 1.85937379e-09 2.01448686e-01]\n",
      "[6.66666673e-02 3.35496836e-09 1.47862798e-01 4.58166984e-01\n",
      " 1.26330478e-09 3.27303546e-01]\n",
      "[3.85542168e-01 2.20857616e-09 2.99119432e-01 1.50296099e-01\n",
      " 1.97024244e-09 1.65042297e-01]\n",
      "[1.46666667e-01 2.64017150e-09 1.14786280e-01 2.22968894e-01\n",
      " 1.31430604e-09 5.15578155e-01]\n",
      "[4.74820143e-01 2.32460906e-09 1.23980854e-01 2.10673375e-01\n",
      " 1.45253350e-09 1.90525624e-01]\n",
      "[3.38008965e-01 3.75829054e-09 1.44583428e-01 1.67091360e-01\n",
      " 1.27442150e-09 3.50316243e-01]\n",
      "[6.53794235e-02 2.78943223e-09 3.65761291e-01 3.22561572e-01\n",
      " 2.78060758e-09 2.46297708e-01]\n",
      "[1.68229781e-01 3.84806844e-09 7.15077066e-02 4.58166984e-01\n",
      " 3.30529182e-09 3.02095522e-01]\n",
      "[3.67810992e-01 2.49331455e-09 1.42979544e-01 2.94522284e-01\n",
      " 1.97024244e-09 1.94687176e-01]\n",
      "[1.64510324e-01 4.75277104e-09 1.70865190e-01 1.49046325e-01\n",
      " 1.45408982e-09 5.15578155e-01]\n",
      "___:____\n",
      "[[[0.46938776 0.36054422 0.         0.02721088 0.10884354 0.03401361]\n",
      "  [0.32911392 0.48101266 0.         0.03797468 0.07594937 0.07594937]\n",
      "  [0.10526316 0.36842105 0.10526316 0.10526316 0.26315789 0.05263158]\n",
      "  [0.05555556 0.44444444 0.16666667 0.16666667 0.05555556 0.11111111]\n",
      "  [0.36904762 0.28571429 0.03571429 0.01190476 0.26190476 0.03571429]\n",
      "  [0.15384615 0.30769231 0.01538462 0.06153846 0.12307692 0.33846154]]\n",
      "\n",
      " [[0.55       0.25       0.         0.0375     0.15       0.0125    ]\n",
      "  [0.37254902 0.37254902 0.         0.         0.1372549  0.11764706]\n",
      "  [0.13333333 0.33333333 0.2        0.         0.33333333 0.        ]\n",
      "  [0.2        0.2        0.         0.         0.4        0.2       ]\n",
      "  [0.4137931  0.22413793 0.03448276 0.03448276 0.25862069 0.03448276]\n",
      "  [0.11764706 0.47058824 0.05882353 0.05882353 0.11764706 0.17647059]]]\n",
      "\n",
      "Pre-adjustment group rates are \n",
      "\n",
      "0\n",
      "      fpr     tpr\n",
      "0  0.2791  0.4694\n",
      "1  0.3363  0.4810\n",
      "2  0.0148  0.1053\n",
      "3  0.0359  0.1667\n",
      "4  0.1032  0.2619\n",
      "5  0.0540  0.3385\n",
      "\n",
      "1\n",
      "      fpr     tpr\n",
      "0  0.3288  0.5500\n",
      "1  0.2686  0.3725\n",
      "2  0.0142  0.2000\n",
      "3  0.0271  0.0000\n",
      "4  0.1667  0.2586\n",
      "5  0.0478  0.1765\n",
      "\n",
      "\n",
      "And loss is 0.6123\n",
      "\n",
      "[4.72466357e-01 2.77073072e-09 9.95987570e-02 2.21775397e-01\n",
      " 1.84237462e-02 1.87735739e-01]\n",
      "[3.33221180e-01 3.42953622e-09 6.94985013e-02 2.97548930e-01\n",
      " 1.86967938e-02 2.81034592e-01]\n",
      "[1.08409022e-01 3.21441805e-09 3.29976037e-01 3.20171657e-01\n",
      " 3.17311905e-02 2.09712091e-01]\n",
      "[5.93505661e-02 3.93462098e-09 1.92022439e-01 4.31988291e-01\n",
      " 1.60336392e-02 3.00605060e-01]\n",
      "[3.71487266e-01 2.77162285e-09 2.69913555e-01 1.71548196e-01\n",
      " 2.95191534e-02 1.57531826e-01]\n",
      "[1.56473469e-01 6.06903370e-09 1.25655725e-01 2.29934009e-01\n",
      " 1.82871423e-02 4.69649649e-01]\n",
      "[4.72466357e-01 2.77856186e-09 9.74820557e-02 2.20854870e-01\n",
