{
 "cells": [
  {
   "cell_type": "markdown",
   "id": "f7aa95c8-06af-4ff4-9f34-56b69b4b82d1",
   "metadata": {},
   "source": [
    "# Testing DEMV on _The Trump Effect_ dataset"
   ]
  },
  {
   "cell_type": "markdown",
   "id": "92f4a035-6672-47e9-a326-b62c5ac9a9b8",
   "metadata": {},
   "source": [
    "**Protected group:** `GENDER=0 & RELIGION=0`"
   ]
  },
  {
   "cell_type": "code",
   "execution_count": 1,
   "id": "ad1352b9-5aa4-4b3b-856f-374f9f26e03f",
   "metadata": {},
   "outputs": [],
   "source": [
    "import pandas as pd\n",
    "\n",
    "from sklearn.linear_model import LogisticRegression\n",
    "from sklearn.preprocessing import StandardScaler, LabelEncoder\n",
    "from sklearn.pipeline import Pipeline\n",
    "\n",
    "import seaborn as sns\n",
    "\n",
    "from fairlearn.reductions import ZeroOneLoss, ExponentiatedGradient, BoundedGroupLoss\n",
    "\n",
    "from utils import *\n",
    "from demv import DEMV\n",
    "\n",
    "import warnings\n",
    "warnings.filterwarnings('ignore')\n",
    "\n",
    "sns.set_style('whitegrid')"
   ]
  },
  {
   "cell_type": "code",
   "execution_count": 2,
   "id": "e0297bd9-3f95-4de0-b958-6f54f8d7f546",
   "metadata": {
    "tags": []
   },
   "outputs": [],
   "source": [
    "def make_data():\n",
    "    data = pd.read_csv('data2/data_e28.csv - data_e28.csv.csv', index_col='[meta] uuid')\n",
    "    data.rename(columns = lambda c: c[c.find(\"]\")+1:].replace(\"_\", \" \").upper().strip(), inplace=True)\n",
    "    \n",
    "    voted = data['VOTED PARTY LAST ELECTION DE'][data['COUNTRY CODE'] == 'DE']\\\n",
    "    .append(data['VOTED PARTY LAST ELECTION IT'][data['COUNTRY CODE'] == 'IT'])\\\n",
    "    .append(data['VOTED PARTY LAST ELECTION FR'][data['COUNTRY CODE'] == 'FR'])\\\n",
    "    .append(data['VOTED PARTY LAST ELECTION GB'][data['COUNTRY CODE'] == 'GB'])\\\n",
    "    .append(data['VOTED PARTY LAST ELECTION ES'][data['COUNTRY CODE'] == 'ES'])\\\n",
    "    .append(data['VOTED PARTY LAST ELECTION PL'][data['COUNTRY CODE'] == 'PL'])\n",
    "\n",
    "    rankingParty = data['RANKING PARTY DE'][data['COUNTRY CODE'] == 'DE']\\\n",
    "    .append(data['RANKING PARTY IT'][data['COUNTRY CODE'] == 'IT'])\\\n",
    "    .append(data['RANKING PARTY FR'][data['COUNTRY CODE'] == 'FR'])\\\n",
    "    .append(data['RANKING PARTY GB'][data['COUNTRY CODE'] == 'GB'])\\\n",
    "    .append(data['RANKING PARTY ES'][data['COUNTRY CODE'] == 'ES'])\\\n",
    "    .append(data['RANKING PARTY PL'][data['COUNTRY CODE'] == 'PL'])\n",
    "\n",
    "    voteNextElection = pd.concat([data['VOTE NEXTELECTION DE'][data['COUNTRY CODE'] == 'DE'],\n",
    "                                    data['VOTE NEXTELECTION IT'][data['COUNTRY CODE'] == 'IT'],\n",
    "                                    data['VOTE NEXTELECTION FR'][data['COUNTRY CODE'] == 'FR'],\n",
    "                                    data['VOTE NEXTELECTION GB'][data['COUNTRY CODE'] == 'GB'],\n",
    "                                    data['VOTE NEXTELECTION ES'][data['COUNTRY CODE'] == 'ES'],\n",
    "                                    data['VOTE NEXTELECTION PL'][data['COUNTRY CODE'] == 'PL']], verify_integrity=True)\n",
    "\n",
    "    data['VOTED PARTY LAST ELECTION'] = voted\n",
    "    data['RANKING PARTY'] = rankingParty\n",
    "    data['VOTE NEXT ELECTION'] = voteNextElection\n",
    "\n",
    "    data.drop(['VOTED PARTY LAST ELECTION DE', 'VOTED PARTY LAST ELECTION IT', 'VOTED PARTY LAST ELECTION FR',\n",
    "               'VOTED PARTY LAST ELECTION GB', 'VOTED PARTY LAST ELECTION ES', 'VOTED PARTY LAST ELECTION PL',\n",
    "               'RANKING PARTY DE', 'RANKING PARTY IT', 'RANKING PARTY FR', 'RANKING PARTY GB', 'RANKING PARTY ES', \n",
    "               'RANKING PARTY PL', 'VOTE NEXTELECTION DE', 'VOTE NEXTELECTION IT', 'VOTE NEXTELECTION FR', 'VOTE NEXTELECTION GB',\n",
    "               'VOTE NEXTELECTION ES', 'VOTE NEXTELECTION PL'], axis=1, inplace=True)\n",
    "\n",
    "    data.drop('VOTE REFERENDUM', axis = 1, inplace=True)\n",
    "\n",
    "    data.drop('EMPLOYMENT STATUS IN EDUCATION', axis=1, inplace=True)\n",
    "\n",
    "    data.drop('ORIGIN', axis=1, inplace=True)\n",
    "\n",
    "    data['MEMBER ORGANIZATION'].fillna('Not member', inplace=True)\n",
    "    data.loc[data['MEMBER ORGANIZATION']=='Not member', 'ORGANIZATION ACTIVITIES TIMEPERWEEK'] = 'Not member'\n",
    "\n",
    "    data.drop(data.loc[data['HOUSEHOLD SIZE'].isnull()].index, inplace=True)\n",
    "\n",
    "    data.drop(data.loc[data['SOCIAL NETWORKS REGULARLY USED'].isnull()].index, inplace=True)\n",
    "\n",
    "    nullcols = data.isna().any()[data.isna().any()==True].index\n",
    "    data.drop(nullcols, axis=1, inplace=True)\n",
    "\n",
    "    data.drop('WEIGHT', axis=1, inplace=True)\n",
    "    data.loc[data['GENDER']=='male', 'GENDER'] = 1\n",
    "    data.loc[data['GENDER']!=1, 'GENDER'] = 0\n",
    "    data['GENDER'] = data['GENDER'].astype(int)\n",
    "    data.loc[data['RELIGION'] == 'Roman Catholic', 'RELIGION'] = 1\n",
    "    data.loc[data['RELIGION'] != 1, 'RELIGION'] = 0\n",
    "    data['RELIGION'] = data['RELIGION'].astype(int)\n",
    "    enc = LabelEncoder()\n",
    "    data['POLITICAL VIEW'] = enc.fit_transform(data['POLITICAL VIEW'].values)\n",
    "    data.rename(columns= lambda c: c.replace(\" \", \"_\"), inplace=True)\n",
    "    for c in data.columns:\n",
    "        if len(data[c].unique())>6:\n",
    "            data.drop(c, axis=1, inplace=True)\n",
    "    return data"
   ]
  },
  {
   "cell_type": "code",
   "execution_count": 3,
   "id": "a5b1985d-489a-4f73-988f-5ff061a8600d",
   "metadata": {},
   "outputs": [],
   "source": [
    "data = make_data()"
   ]
  },
  {
   "cell_type": "code",
   "execution_count": 4,
   "id": "dea19ba7-8f07-4946-ab23-334a8f17f458",
   "metadata": {},
   "outputs": [],
   "source": [
    "data = pd.get_dummies(data)"
   ]
  },
  {
   "cell_type": "code",
   "execution_count": 5,
   "id": "ab6c1f74",
   "metadata": {},
   "outputs": [
    {
     "data": {
      "text/plain": [
       "(7951, 204)"
      ]
     },
     "execution_count": 5,
     "metadata": {},
     "output_type": "execute_result"
    }
   ],
   "source": [
    "data.shape"
   ]
  },
  {
   "cell_type": "code",
   "execution_count": 6,
   "id": "f1c703d0",
   "metadata": {},
   "outputs": [
    {
     "data": {
      "text/plain": [
       "(2442, 204)"
      ]
     },
     "execution_count": 6,
     "metadata": {},
     "output_type": "execute_result"
    }
   ],
   "source": [
    "data[(data['GENDER']==0)&(data['RELIGION']==0)].shape"
   ]
  },
  {
   "cell_type": "code",
   "execution_count": 7,
   "id": "f9e74e71-1d30-47fb-9e5d-72625b80efee",
   "metadata": {},
   "outputs": [],
   "source": [
    "label = 'POLITICAL_VIEW'\n",
    "protected_group = {'GENDER': 0, 'RELIGION': 0}\n",
    "sensitive_variables=['GENDER', 'RELIGION']\n",
    "positive_label = 3"
   ]
  },
  {
   "cell_type": "code",
   "execution_count": 8,
   "id": "1a07e09c",
   "metadata": {},
   "outputs": [],
   "source": [
    "pipeline = Pipeline(\n",
    "    steps=[\n",
    "        (\"scaler\", StandardScaler()),\n",
    "        (\n",
    "            \"classifier\",\n",
    "            LogisticRegression(),\n",
    "        ),\n",
    "    ]\n",
    ")\n"
   ]
  },
  {
   "cell_type": "markdown",
   "id": "7021f008-3e92-4795-adf5-55a6eea1c3de",
   "metadata": {},
   "source": [
    "## Bias dataset"
   ]
  },
  {
   "cell_type": "markdown",
   "id": "44b9bf4e-4269-4ce2-9b0f-21731a2a8801",
   "metadata": {},
   "source": [
    "### Logistic Regression"
   ]
  },
  {
   "cell_type": "code",
   "execution_count": 9,
   "id": "bf02a191-dce0-46f4-8b7f-9bc8968b2869",
   "metadata": {},
   "outputs": [
    {
     "name": "stdout",
     "output_type": "stream",
     "text": [
      "Equalized odds:  0.143  +-  0.114\n",
      "Disparate impact:  0.718  +-  0.211\n",
      "Zero one loss:  0.067  +-  0.041\n",
      "Accuracy score:  0.396  +-  0.014\n"
     ]
    }
   ],
   "source": [
    "model, lr_metrics = cross_val(pipeline, data, label, protected_group, sensitive_features=sensitive_variables, positive_label=positive_label)\n",
    "print_metrics(lr_metrics)"
   ]
  },
  {
   "cell_type": "markdown",
   "id": "b96435ba-b5a4-4a75-9c1b-ff652806c8d6",
   "metadata": {},
   "source": [
    "## DEMV application"
   ]
  },
  {
   "cell_type": "code",
   "execution_count": 10,
   "id": "e6bb6557-525e-4322-8d91-e1901b5a5de7",
   "metadata": {},
   "outputs": [],
   "source": [
    "demv = DEMV(round_level=1)\n",
    "demv_data = data.copy()"
   ]
  },
  {
   "cell_type": "markdown",
   "id": "4be387fe-5e0a-4dca-ab15-f2f05121a75c",
   "metadata": {},
   "source": [
    "### Logistic regression"
   ]
  },
  {
   "cell_type": "code",
   "execution_count": 11,
   "id": "2b03497c-a5cb-42a3-98bd-70c56e76c326",
   "metadata": {},
   "outputs": [
    {
     "name": "stdout",
     "output_type": "stream",
     "text": [
      "Equalized odds:  0.147  +-  0.1\n",
      "Disparate impact:  0.709  +-  0.224\n",
      "Zero one loss:  0.068  +-  0.045\n",
      "Accuracy score:  0.39  +-  0.014\n"
     ]
    }
   ],
   "source": [
    "model, metrics_demv = cross_val(pipeline, demv_data, label, protected_group, sensitive_features=sensitive_variables, debiaser=demv, positive_label=positive_label)\n",
    "print_metrics(metrics_demv)"
   ]
  },
  {
   "cell_type": "markdown",
   "id": "1b8a6161-89ac-4406-b7d3-580fc3169365",
   "metadata": {},
   "source": [
    "##  Blackbox Postprocessing"
   ]
  },
  {
   "cell_type": "code",
   "execution_count": 12,
   "id": "1d2fc343",
   "metadata": {},
   "outputs": [
    {
     "name": "stdout",
     "output_type": "stream",
     "text": [
      "\n",
      "Pre-adjustment group rates are \n",
      "\n",
      "0\n",
      "      fpr     tpr\n",
      "0  0.2843  0.4342\n",
      "1  0.3212  0.4750\n",
      "2  0.0038  0.0000\n",
      "3  0.0153  0.4167\n",
      "4  0.0789  0.2889\n",
      "5  0.1045  0.3774\n",
      "\n",
      "1\n",
      "      fpr     tpr\n",
      "0  0.3782  0.5517\n",
      "1  0.2437  0.3916\n",
      "2  0.0138  0.1250\n",
      "3  0.0362  0.1923\n",
      "4  0.1114  0.3587\n",
      "5  0.0549  0.0816\n",
      "\n",
      "\n",
      "And loss is 0.6055\n",
      "\n",
      "\n",
      "Pre-adjustment group rates are \n",
      "\n",
      "0\n",
      "      fpr     tpr\n",
      "0  0.2609  0.4118\n",
      "1  0.3202  0.4730\n",
      "2  0.0041  0.0000\n",
      "3  0.0167  0.4167\n",
      "4  0.0845  0.3333\n",
      "5  0.1150  0.3846\n",
      "\n",
      "1\n",
      "      fpr     tpr\n",
      "0  0.3396  0.5175\n",
      "1  0.2484  0.4067\n",
      "2  0.0156  0.1333\n",
      "3  0.0411  0.1923\n",
      "4  0.1227  0.4074\n",
      "5  0.0627  0.0816\n",
      "\n",
      "\n",
      "And loss is 0.6089\n",
      "\n",
      "[0.43965976 0.02803254 0.0278995  0.10163514 0.13743642 0.26533664]\n",
      "[0.36021094 0.0382788  0.03845606 0.15053097 0.06599929 0.34652394]\n",
      "[0.30739273 0.02916185 0.09034123 0.07015404 0.1582363  0.34471385]\n",
      "[0.1856353  0.11639252 0.05269905 0.38334775 0.01345677 0.24846861]\n",
      "[0.3034518  0.02054349 0.03243019 0.06925463 0.34851533 0.22580457]\n",
      "[0.19642294 0.03930936 0.12161319 0.09041033 0.13194679 0.42029739]\n",
      "[0.43965976 0.04792406 0.05141749 0.07305147 0.11366075 0.27428647]\n",
      "[0.35117328 0.0382788  0.04054108 0.07680454 0.08554467 0.40765762]\n",
      "[0.1132817  0.012348   0.09034123 0.27933374 0.22811912 0.2765762 ]\n",
      "[0.13070966 0.01424769 0.06212408 0.38334775 0.16450898 0.24506183]\n",
      "[0.29369331 0.03201334 0.09111169 0.12080258 0.34851533 0.11386376]\n",
      "[0.22540747 0.02457    0.02712892 0.23276384 0.06983238 0.42029739]\n",
      "\n",
      "Pre-adjustment group rates are \n",
      "\n",
      "0\n",
      "      fpr     tpr\n",
      "0  0.2827  0.3594\n",
      "1  0.3315  0.4595\n",
      "2  0.0040  0.0000\n",
      "3  0.0165  0.4167\n",
      "4  0.0857  0.2889\n",
      "5  0.1139  0.3774\n",
      "\n",
      "1\n",
      "      fpr     tpr\n",
      "0  0.3576  0.4966\n",
      "1  0.2524  0.3889\n",
      "2  0.0157  0.1333\n",
      "3  0.0413  0.1600\n",
      "4  0.1223  0.3882\n",
      "5  0.0628  0.0851\n",
      "\n",
      "\n",
      "And loss is 0.6285\n",
      "\n",
      "[0.43634142 0.21347985 0.04437542 0.08769415 0.13571512 0.08239403]\n",
      "[0.40624086 0.25146191 0.06908174 0.11708395 0.05061351 0.10551802]\n",
      "[0.32599563 0.14457901 0.16228726 0.05939075 0.151376   0.15637136]\n",
      "[0.20439751 0.32140748 0.09466757 0.27373269 0.00496934 0.10082542]\n",
      "[0.38670559 0.12369534 0.06311171 0.05081209 0.29949013 0.07618514]\n",
      "[0.21953336 0.17113611 0.21434166 0.07671675 0.11827064 0.20000148]\n",
      "[0.43634142 0.2197868  0.088465   0.0611976  0.10640194 0.08780724]\n",
      "[0.37323278 0.25146191 0.11765595 0.07237263 0.07499859 0.11027814]\n",
      "[0.15441681 0.17198987 0.16228726 0.19595543 0.15428279 0.16106784]\n",
      "[0.17615673 0.1356569  0.1091296  0.27373269 0.15428279 0.1510413 ]\n",
      "[0.40525282 0.11333405 0.04468742 0.09304703 0.29949013 0.04418855]\n",
      "[0.22760231 0.22587948 0.11882312 0.16204135 0.06565226 0.20000148]\n",
      "\n",
      "Pre-adjustment group rates are \n",
      "\n",
      "0\n",
      "      fpr     tpr\n",
      "0  0.2604  0.4429\n",
      "1  0.3275  0.4853\n",
      "2  0.0043  0.0000\n",
      "3  0.0175  0.4545\n",
      "4  0.0693  0.2703\n",
      "5  0.1140  0.4130\n",
      "\n",
      "1\n",
      "      fpr     tpr\n",
      "0  0.3703  0.5404\n",
      "1  0.2478  0.3873\n",
      "2  0.0152  0.1250\n",
      "3  0.0376  0.1600\n",
      "4  0.1179  0.3333\n",
      "5  0.0603  0.0870\n",
      "\n",
      "\n",
      "And loss is 0.6103\n",
      "\n",
      "[5.40372668e-01 1.42022788e-09 2.46431985e-03 6.90630696e-02\n",
      " 1.49562951e-01 2.38536990e-01]\n",
      "[4.57857637e-01 1.63964875e-09 4.56623836e-03 1.23308054e-01\n",
      " 7.39362136e-02 3.40331855e-01]\n",
      "[3.58169329e-01 1.09939958e-09 9.85727558e-03 1.12369423e-01\n",
      " 1.84049830e-01 3.35554141e-01]\n",
      "[1.99180170e-01 6.58642065e-09 6.27281279e-03 3.73248718e-01\n",
      " 1.31067659e-02 4.08191526e-01]\n",
      "[4.05410717e-01 9.61791641e-10 3.72978041e-03 6.33686391e-02\n",
      " 3.20926141e-01 2.06564721e-01]\n",
      "[2.55219598e-01 1.42922215e-09 1.42501916e-02 1.61744629e-01\n",
      " 1.30635236e-01 4.38150344e-01]\n",
      "[5.40372668e-01 1.88144174e-09 4.18884180e-03 6.52212486e-02\n",
      " 1.07639824e-01 2.82577415e-01]\n",
      "[4.22535209e-01 1.63964875e-09 3.96294916e-03 8.21521760e-02\n",
      " 1.01701947e-01 3.89647717e-01]\n",
      "[1.25000000e-01 9.91662492e-10 9.85727558e-03 2.91324621e-01\n",
      " 2.40694606e-01 3.33123497e-01]\n",
      "[1.60000000e-01 1.07316369e-09 7.79751968e-03 3.73248718e-01\n",
      " 1.92555685e-01 2.66398076e-01]\n",
      "[4.48275860e-01 1.67989719e-09 1.25594353e-02 1.20595298e-01\n",
      " 3.20926141e-01 9.76432638e-02]\n",
      "[2.60869564e-01 1.27235574e-09 3.23665944e-03 2.14023568e-01\n",
      " 8.37198633e-02 4.38150344e-01]\n",
      "\n",
      "Pre-adjustment group rates are \n",
      "\n",
      "0\n",
      "      fpr     tpr\n",
      "0  0.2841  0.4348\n",
      "1  0.3468  0.5000\n",
      "2  0.0042  0.0000\n",
      "3  0.0171  0.3636\n",
      "4  0.0683  0.2500\n",
      "5  0.1005  0.3478\n",
      "\n",
      "1\n",
      "      fpr     tpr\n",
      "0  0.4058  0.5759\n",
      "1  0.2571  0.3782\n",
      "2  0.0154  0.1250\n",
      "3  0.0314  0.2000\n",
      "4  0.0905  0.2740\n",
      "5  0.0584  0.0930\n",
      "\n",
      "\n",
      "And loss is 0.6131\n",
      "\n",
      "[5.58283041e-01 1.07674349e-11 2.98911646e-02 7.71247683e-02\n",
      " 1.29511343e-01 2.05189684e-01]\n",
      "[0.45873203 0.00197453 0.05012997 0.1376988  0.07752375 0.27394091]\n",
      "[3.65307194e-01 2.64897073e-11 1.47320740e-01 5.63133229e-02\n",
      " 1.63346906e-01 2.67711837e-01]\n",
      "[0.25779323 0.01723223 0.09374956 0.39543058 0.01955841 0.21623599]\n",
      "[4.26608174e-01 1.40039023e-11 6.44528237e-02 5.42015733e-02\n",
      " 2.69721397e-01 1.85016032e-01]\n",
      "[0.29860387 0.00103019 0.17934699 0.0932664  0.09172045 0.3360321 ]\n",
      "[0.55828304 0.00149668 0.06241304 0.06609419 0.08816427 0.22354878]\n",
      "[0.44738151 0.00197453 0.08215076 0.07335181 0.09153975 0.30360165]\n",
      "[0.12116582 0.00158504 0.14732074 0.24286028 0.23621082 0.2508573 ]\n",
      "[0.15509226 0.00122891 0.10197555 0.39543058 0.1536143  0.1926584 ]\n",
      "[0.47802408 0.00063727 0.06325296 0.10039242 0.2697214  0.08797187]\n",
      "[0.29305223 0.00214766 0.08539151 0.20930233 0.07407418 0.3360321 ]\n",
      "\n",
      "Pre-adjustment group rates are \n",
      "\n",
      "0\n",
      "      fpr     tpr\n",
      "0  0.2895  0.4267\n",
      "1  0.3333  0.4810\n",
      "2  0.0039  0.0000\n",
      "3  0.0157  0.3636\n",
      "4  0.0769  0.2727\n",
      "5  0.0977  0.3800\n",
      "\n",
      "1\n",
      "      fpr     tpr\n",
      "0  0.4144  0.5786\n",
      "1  0.2748  0.4161\n",
      "2  0.0091  0.0909\n",
      "3  0.0256  0.1364\n",
      "4  0.0897  0.3194\n",
      "5  0.0339  0.0789\n",
      "\n",
      "\n",
      "And loss is 0.5964\n",
      "\n",
      "[5.42444678e-01 6.78081452e-02 2.36990217e-09 3.59350150e-02\n",
      " 1.06666668e-01 2.47145492e-01]\n",
      "[4.69213155e-01 8.77530453e-02 2.94580936e-09 8.45961302e-02\n",
      " 3.79746852e-02 3.20462982e-01]\n",
      "[4.21647712e-01 6.66393128e-02 3.38113037e-09 7.61256101e-02\n",
      " 1.66666668e-01 2.68920694e-01]\n",
      "[2.54075403e-01 7.73287023e-02 5.51858015e-09 3.90502869e-01\n",
      " 4.85963192e-09 2.78093015e-01]\n",
      "[4.29872147e-01 4.91277992e-02 2.72547883e-09 5.23958802e-02\n",
      " 2.72727273e-01 1.95876898e-01]\n",
      "[2.50080668e-01 8.47781910e-02 5.94068271e-09 1.81491591e-01\n",
      " 1.00000003e-01 3.83649541e-01]\n",
      "[5.42444678e-01 7.67997215e-02 3.42731650e-09 5.16760187e-02\n",
      " 8.09776922e-02 2.48101886e-01]\n",
      "[4.34137771e-01 8.77530453e-02 3.35449719e-09 5.21690577e-02\n",
      " 6.90990972e-02 3.56841025e-01]\n",
      "[8.52259938e-02 7.03333558e-02 3.38113037e-09 2.99593779e-01\n",
      " 1.55042522e-01 3.89804346e-01]\n",
      "[1.70451985e-01 5.00291621e-02 3.19954680e-09 3.90502869e-01\n",
      " 1.55133372e-01 2.33882609e-01]\n",
      "[4.55722319e-01 4.77068014e-02 3.85258480e-09 1.16647407e-01\n",
      " 2.72727273e-01 1.07196196e-01]\n",
      "[2.96048183e-01 8.31445850e-02 3.05888863e-09 2.14414888e-01\n",
      " 2.27428005e-02 3.83649541e-01]\n",
      "\n",
      "Pre-adjustment group rates are \n",
      "\n",
      "0\n",
      "      fpr     tpr\n",
      "0  0.2880  0.4306\n",
      "1  0.3279  0.4658\n",
      "2  0.0040  0.0000\n",
      "3  0.0122  0.4000\n",
      "4  0.0849  0.2727\n",
      "5  0.1068  0.3600\n",
      "\n",
      "1\n",
      "      fpr     tpr\n",
      "0  0.3836  0.5613\n",
      "1  0.2379  0.3960\n",
      "2  0.0157  0.1429\n",
      "3  0.0340  0.2105\n",
      "4  0.1073  0.3462\n",
      "5  0.0554  0.0889\n",
      "\n",
      "\n",
      "And loss is 0.6061\n",
      "\n",
      "[0.49906028 0.1125629  0.01764015 0.06979271 0.11111111 0.18983285]\n",
      "[0.41029912 0.13991243 0.03131731 0.12322494 0.04109589 0.25415031]\n",
      "[0.32732635 0.08644286 0.07257662 0.11065509 0.14285714 0.26014194]\n",
      "[2.43692667e-01 9.01802607e-02 2.54018172e-02 4.66807564e-01\n",
      " 2.35801226e-12 1.73917691e-01]\n",
      "[0.40004692 0.07523881 0.0288657  0.06315483 0.27272727 0.15996646]\n",
      "[0.20951836 0.10292548 0.09144654 0.15661758 0.12       0.31949205]\n",
      "[0.49906028 0.11716713 0.03401769 0.05764304 0.0919547  0.20015716]\n",
      "[0.41174494 0.13991243 0.02346243 0.06667565 0.05857495 0.29962959]\n",
      "[0.12701863 0.065578   0.07257662 0.34781027 0.22486827 0.16214822]\n",
      "[0.04679634 0.06898027 0.05265225 0.46680756 0.16563419 0.19912939]\n",
      "[0.38756965 0.05972678 0.08325622 0.13851302 0.27272727 0.05820705]\n",
      "[0.21734298 0.12572837 0.02281192 0.24444444 0.07018024 0.31949205]\n",
      "\n",
      "Pre-adjustment group rates are \n",
      "\n",
      "0\n",
      "      fpr     tpr\n",
      "0  0.2865  0.4459\n",
      "1  0.3085  0.4615\n",
      "2  0.0039  0.0000\n",
      "3  0.0157  0.4545\n",
      "4  0.0811  0.2955\n",
      "5  0.1075  0.3846\n",
      "\n",
      "1\n",
      "      fpr     tpr\n",
      "0  0.3729  0.5641\n",
      "1  0.2163  0.3636\n",
      "2  0.0137  0.1538\n",
      "3  0.0396  0.2273\n",
      "4  0.1284  0.3882\n",
      "5  0.0539  0.0930\n",
      "\n",
      "\n",
      "And loss is 0.5997\n",
      "\n",
      "[0.51786467 0.00126533 0.01537287 0.08466341 0.15002102 0.2308127 ]\n",
      "[0.42003394 0.01307054 0.02575685 0.13464738 0.09147958 0.3150117 ]\n",
      "[0.33144958 0.0053505  0.06115086 0.06629727 0.17567784 0.36007395]\n",
      "[0.21092246 0.13233822 0.03891419 0.36780124 0.0208859  0.22913798]\n",
      "[0.38092747 0.00212805 0.02473946 0.05801011 0.32417265 0.21002226]\n",
      "[0.22233032 0.01265746 0.08208262 0.08517296 0.15072998 0.44702666]\n",
      "[0.51786467 0.01622084 0.02547952 0.05906139 0.13003833 0.25133526]\n",
      "[0.41728765 0.01307054 0.02107852 0.07189228 0.10693216 0.36973886]\n",
      "[0.07061792 0.00221198 0.06115086 0.2832006  0.24414417 0.33867446]\n",
      "[0.16691507 0.00522821 0.04516825 0.36780124 0.18698528 0.22790194]\n",
      "[0.36721314 0.01150204 0.07715799 0.11162118 0.32417265 0.108333  ]\n",
      "[0.23484561 0.007356   0.01848747 0.20609831 0.08618595 0.44702666]\n",
      "\n",
      "Pre-adjustment group rates are \n",
      "\n",
      "0\n",
      "      fpr     tpr\n",
      "0  0.2560  0.4394\n",
      "1  0.3155  0.5152\n",
      "2  0.0044  0.0000\n",
      "3  0.0179  0.4545\n",
      "4  0.0722  0.3250\n",
      "5  0.1105  0.3864\n",
      "\n",
      "1\n",
      "      fpr     tpr\n",
      "0  0.3773  0.5541\n",
      "1  0.2371  0.3896\n",
      "2  0.0106  0.0769\n",
      "3  0.0369  0.2273\n",
      "4  0.1145  0.3667\n",
      "5  0.0573  0.0851\n",
      "\n",
      "\n",
      "And loss is 0.5983\n",
      "\n",
      "[5.54140127e-01 2.22350515e-11 2.76281620e-02 8.69328689e-02\n",
      " 1.50387982e-01 1.80910860e-01]\n",
      "[4.67799631e-01 2.85663637e-11 5.52563240e-02 1.42378586e-01\n",
      " 7.06827579e-02 2.63882701e-01]\n",
      "[3.65717062e-01 1.69964947e-11 1.30247050e-01 6.21193875e-02\n",
      " 1.81005432e-01 2.60911069e-01]\n",
      "[2.70911492e-01 6.24906473e-11 8.28844861e-02 3.72817222e-01\n",
      " 3.38876926e-02 2.39499108e-01]\n",
      "[3.73812896e-01 1.48221177e-11 5.69830842e-02 5.01211057e-02\n",
      " 3.66666667e-01 1.52416247e-01]\n",
      "[2.73162857e-01 2.07392910e-11 1.76129533e-01 8.44253435e-02\n",
      " 1.35983386e-01 3.30298881e-01]\n",
      "[5.54140127e-01 2.58096616e-11 5.84439670e-02 6.36942675e-02\n",
      " 1.21019108e-01 2.02702530e-01]\n",
      "[4.41558442e-01 2.85663637e-11 9.23758370e-02 7.27401226e-02\n",
      " 9.09090909e-02 3.02416508e-01]\n",
      "[1.53846154e-01 2.00872192e-11 1.30247050e-01 1.69382990e-01\n",
      " 3.07692308e-01 2.38831499e-01]\n",
      "[1.81818182e-01 1.75723414e-11 8.71367851e-02 3.72817222e-01\n",
      " 1.81818182e-01 1.76409630e-01]\n",
      "[4.22222222e-01 1.66689762e-11 4.64938268e-02 9.56215180e-02\n",
      " 3.66666667e-01 6.89957663e-02]\n",
      "[2.34042553e-01 2.55548530e-11 9.52330338e-02 2.55319149e-01\n",
      " 8.51063830e-02 3.30298881e-01]\n",
      "\n",
      "Pre-adjustment group rates are \n",
      "\n",
      "0\n",
      "      fpr     tpr\n",
      "0  0.3101  0.4308\n",
      "1  0.3032  0.4412\n",
      "2  0.0045  0.0000\n",
      "3  0.0141  0.5000\n",
      "4  0.0794  0.3235\n",
      "5  0.0889  0.4186\n",
      "\n",
      "1\n",
      "      fpr     tpr\n",
      "0  0.3739  0.5515\n",
      "1  0.2312  0.4037\n",
      "2  0.0146  0.1250\n",
      "3  0.0383  0.2083\n",
      "4  0.1139  0.3667\n",
      "5  0.0570  0.0263\n",
      "\n",
      "\n",
      "And loss is 0.5969\n",
      "\n",
      "[0.40191526 0.32819425 0.04107912 0.05642114 0.13654628 0.03584396]\n",
      "[0.34308655 0.40470393 0.04712016 0.08059019 0.08338404 0.04111513]\n",
      "[0.29910109 0.28443502 0.1780095  0.04889832 0.03423224 0.15532383]\n",
      "[0.17946066 0.49078029 0.05340285 0.2092197  0.02053935 0.04659715]\n",
      "[0.36947782 0.15058324 0.04712016 0.02588735 0.3658163  0.04111513]\n",
      "[0.12520511 0.25797594 0.22354681 0.04434964 0.15386466 0.19505783]\n",
      "[0.40191526 0.3330692  0.06977966 0.04602838 0.12093101 0.02827649]\n",
      "[0.33053556 0.40470393 0.09494477 0.05855025 0.08055808 0.03070742]\n",
      "[0.1029805  0.25501968 0.1780095  0.09481212 0.2494202  0.11975799]\n",
      "[0.09809467 0.18122908 0.11977934 0.2092197  0.20785017 0.18382704]\n",
      "[0.29517494 0.18150313 0.060557   0.06417212 0.3658163  0.03277651]\n",
      "[0.2044579  0.35046519 0.08329626 0.06170379 0.10501903 0.19505783]\n",
      "\n",
      "Pre-adjustment group rates are \n",
      "\n",
      "0\n",
      "      fpr     tpr\n",
      "0  0.3354  0.4754\n",
      "1  0.2922  0.4412\n",
      "2  0.0046  0.0000\n",
      "3  0.0141  0.3333\n",
      "4  0.0924  0.2632\n",
      "5  0.0939  0.3171\n",
      "\n",
      "1\n",
      "      fpr     tpr\n",
      "0  0.3902  0.5689\n",
      "1  0.2367  0.3822\n",
      "2  0.0125  0.1333\n",
      "3  0.0361  0.2083\n",
      "4  0.1078  0.3793\n",
      "5  0.0467  0.0889\n",
      "\n",
      "\n",
      "And loss is 0.6039\n",
      "\n",
      "[0.28903949 0.26677356 0.01624817 0.0504107  0.35597657 0.02155152]\n",
      "[0.23756014 0.34187368 0.05101447 0.08166385 0.21718733 0.07070053]\n",
      "[0.11823561 0.15498273 0.19822764 0.02928621 0.29458325 0.20468455]\n",
      "[0.07992962 0.25830456 0.11012647 0.24217865 0.05254625 0.25691446]\n",
      "[0.23542353 0.16313972 0.05216517 0.03082759 0.46228052 0.05616346]\n",
      "[0.13446061 0.226804   0.15713167 0.05700677 0.25015235 0.1744446 ]\n",
      "[0.28903949 0.25912543 0.04722379 0.04026895 0.31409163 0.05025072]\n",
      "[0.23625078 0.34187368 0.04896396 0.04920328 0.25377332 0.06993499]\n",
      "[0.0677468  0.2725023  0.19822764 0.11499434 0.20760821 0.13892071]\n",
      "[0.0846835  0.21066755 0.09412046 0.24217865 0.19509222 0.17325763]\n",
      "[0.21608893 0.11183335 0.12595857 0.04698129 0.46228052 0.03685734]\n",
      "[0.1354936  0.31974003 0.04227362 0.15332578 0.17472237 0.1744446 ]\n",
      "\n",
      "Pre-adjustment group rates are \n",
      "\n",
      "0\n",
      "      fpr     tpr\n",
      "0  0.2463  0.5326\n",
      "1  0.3507  0.5833\n",
      "2  0.0035  0.0000\n",
      "3  0.0138  0.0000\n",
      "4  0.0328  0.1961\n",
      "5  0.1193  0.4038\n",
      "\n",
      "1\n",
      "      fpr     tpr\n",
      "0  0.2886  0.5667\n",
      "1  0.2803  0.4221\n",
      "2  0.0250  0.0500\n",
      "3  0.0339  0.2857\n",
      "4  0.1155  0.2796\n",
      "5  0.0607  0.2727\n",
      "\n",
      "\n",
      "And loss is 0.5862\n",
      "\n",
      "\n",
      "Pre-adjustment group rates are \n",
      "\n",
      "0\n",
      "      fpr     tpr\n",
      "0  0.2347  0.5432\n",
      "1  0.3452  0.5750\n",
      "2  0.0037  0.0000\n",
      "3  0.0148  0.0000\n",
      "4  0.0351  0.2041\n",
      "5  0.1289  0.4038\n",
      "\n",
      "1\n",
      "      fpr     tpr\n",
      "0  0.2603  0.5447\n",
      "1  0.2774  0.4219\n",
      "2  0.0286  0.0526\n",
      "3  0.0389  0.2963\n",
      "4  0.1257  0.2955\n",
      "5  0.0701  0.2830\n",
      "\n",
      "\n",
      "And loss is 0.5916\n",
      "\n",
      "[5.44715438e-01 3.39270930e-09 3.30786721e-01 3.09676881e-02\n",
      " 6.27694409e-02 3.07607081e-02]\n",
      "[2.73140189e-01 4.11761105e-09 5.08946952e-01 7.52514810e-02\n",
      " 4.29128551e-02 9.97485188e-02]\n",
      "[1.59789152e-01 4.66660513e-09 6.57291794e-01 5.57418380e-02\n",
      " 7.18079371e-02 5.53692741e-02]\n",
      "[1.72615962e-01 1.72940097e-09 1.45000542e-01 3.34451024e-01\n",
      " 1.57168287e-02 3.32215641e-01]\n",
      "[2.65137129e-01 5.68402935e-09 4.79308740e-01 7.16680783e-02\n",
      " 1.12696979e-01 7.11890671e-02]\n",
      "[2.63567096e-01 2.85100095e-09 2.67693308e-01 2.02600140e-01\n",
      " 2.64319025e-02 2.39707551e-01]\n",
      "[5.44715438e-01 3.17323542e-09 3.30550085e-01 4.64604977e-02\n",
      " 3.27321315e-02 4.55418439e-02]\n",
      "[3.59374995e-01 4.11761105e-09 4.53659907e-01 7.58171605e-02\n",
      " 2.84984037e-02 8.26495304e-02]\n",
      "[1.05263157e-01 3.78208251e-09 6.57291794e-01 7.35872772e-02\n",
      " 1.42218644e-01 2.16391234e-02]\n",
      "[3.70370384e-02 5.46867808e-09 3.48437669e-01 3.34451024e-01\n",
      " 1.25120597e-01 1.54953666e-01]\n",
      "[2.84090905e-01 3.58053242e-09 4.36193141e-01 8.32182791e-02\n",
      " 1.12696979e-01 8.38006919e-02]\n",
      "[1.50943395e-01 4.93429506e-09 3.56034696e-01 2.04873135e-01\n",
      " 4.84412187e-02 2.39707551e-01]\n",
      "\n",
      "Pre-adjustment group rates are \n",
      "\n",
      "0\n",
      "      fpr     tpr\n",
      "0  0.2256  0.4819\n",
      "1  0.3636  0.6125\n",
      "2  0.0037  0.0000\n",
      "3  0.0147  0.0000\n",
      "4  0.0348  0.2083\n",
      "5  0.1278  0.4118\n",
      "\n",
      "1\n",
      "      fpr     tpr\n",
      "0  0.2540  0.5164\n",
      "1  0.2820  0.4394\n",
      "2  0.0287  0.0526\n",
      "3  0.0391  0.2857\n",
      "4  0.1328  0.2892\n",
      "5  0.0703  0.2830\n",
      "\n",
      "\n",
      "And loss is 0.5958\n",
      "\n",
      "[0.4983678  0.13846368 0.15914561 0.03129236 0.14378195 0.0289486 ]\n",
      "[0.22611791 0.20700178 0.25283016 0.07791799 0.13905016 0.09708201]\n",
      "[0.22558489 0.21389978 0.24767036 0.05194533 0.21284497 0.04805467]\n",
      "[0.17377358 0.05589591 0.06879732 0.34630217 0.03486652 0.3203645 ]\n",
      "[0.26599056 0.15217103 0.15479398 0.0757536  0.28121111 0.07007973]\n",
      "[0.26744357 0.09863984 0.12140704 0.21389252 0.06152916 0.23708788]\n",
      "[0.4983678  0.13129225 0.1528487  0.05091428 0.11468199 0.05189498]\n",
      "[0.32900905 0.20700178 0.2159778  0.07915856 0.09441535 0.07443746]\n",
      "[0.10158876 0.14877079 0.24767036 0.08321524 0.41461556 0.00413929]\n",
      "[0.03446761 0.16825267 0.17066304 0.34630217 0.16172774 0.11858676]\n",
      "[0.27906309 0.10216789 0.16156589 0.08681657 0.28121111 0.08917545]\n",
      "[0.14567445 0.15999877 0.16404004 0.19778842 0.09541045 0.23708788]\n",
      "\n",
      "Pre-adjustment group rates are \n",
      "\n",
      "0\n",
      "      fpr     tpr\n",
      "0  0.2330  0.5301\n",
      "1  0.3736  0.5714\n",
      "2  0.0040  0.0000\n",
      "3  0.0158  0.0000\n",
      "4  0.0226  0.1579\n",
      "5  0.1308  0.4000\n",
      "\n",
      "1\n",
      "      fpr     tpr\n",
      "0  0.2771  0.5563\n",
      "1  0.2880  0.4214\n",
      "2  0.0273  0.0588\n",
      "3  0.0349  0.3077\n",
      "4  0.1096  0.2683\n",
      "5  0.0663  0.2857\n",
      "\n",
      "\n",
      "And loss is 0.5874\n",
      "\n",
      "[5.56338028e-01 9.38899646e-12 3.77262247e-01 3.07161190e-02\n",
      " 1.82069542e-02 1.74766521e-02]\n",
      "[3.02722001e-01 8.32422172e-12 5.04244552e-01 9.93287484e-02\n",
      " 1.12152656e-02 8.24894334e-02]\n",
      "[2.60427657e-01 8.34893388e-12 6.28394268e-01 6.37359469e-02\n",
      " 1.11780755e-02 3.62640531e-02]\n",
      "[1.80329885e-01 4.13791791e-12 1.47071328e-01 4.24906312e-01\n",
      " 5.93212068e-03 2.41760354e-01]\n",
      "[2.73639229e-01 8.92147467e-12 5.04543915e-01 1.17408323e-01\n",
      " 3.76063288e-02 6.68022031e-02]\n",
      "[2.52670901e-01 6.51217524e-12 2.94142655e-01 2.54943787e-01\n",
      " 8.74199956e-03 1.89500657e-01]\n",
      "[5.56338028e-01 6.79805090e-12 3.51521492e-01 5.48937907e-02\n",
      " 4.34326617e-03 3.29034228e-02]\n",
      "[3.78571429e-01 8.32422172e-12 4.86900777e-01 7.45209447e-02\n",
      " 4.40531283e-03 5.56015366e-02]\n",
      "[1.17647059e-01 8.79055604e-12 6.28394268e-01 1.76885982e-01\n",
      " 3.62790467e-02 4.07936452e-02]\n",
      "[4.86161403e-12 1.19755204e-11 3.96176534e-01 4.24906312e-01\n",
      " 7.11627452e-02 1.07754409e-01]\n",
      "[3.04878049e-01 8.34778360e-12 4.21293702e-01 1.48861113e-01\n",
      " 3.76063288e-02 8.73608067e-02]\n",
      "[1.42857143e-01 1.07734502e-11 3.96441191e-01 2.46027793e-01\n",
      " 2.51732160e-02 1.89500657e-01]\n",
      "\n",
      "Pre-adjustment group rates are \n",
      "\n",
      "0\n",
      "      fpr     tpr\n",
      "0  0.2541  0.5116\n",
      "1  0.3636  0.5890\n",
      "2  0.0038  0.0000\n",
      "3  0.0075  0.0000\n",
      "4  0.0360  0.1633\n",
      "5  0.1176  0.4000\n",
      "\n",
      "1\n",
      "      fpr     tpr\n",
      "0  0.2974  0.5797\n",
      "1  0.2900  0.4236\n",
      "2  0.0258  0.0000\n",
      "3  0.0333  0.2083\n",
      "4  0.1090  0.2468\n",
      "5  0.0648  0.2326\n",
      "\n",
      "\n",
      "And loss is 0.5944\n",
      "\n",
      "[5.22886352e-01 5.45154349e-11 3.34055047e-01 4.21506554e-02\n",
      " 8.49190664e-02 1.59888795e-02]\n",
      "[2.51274295e-01 7.68378934e-11 5.09949848e-01 1.09245260e-01\n",
      " 7.43922957e-02 5.51383013e-02]\n",
      "[2.39573948e-01 7.58193104e-11 5.16135856e-01 8.05545859e-02\n",
      " 1.33179085e-01 3.05565252e-02]\n",
      "[2.57808276e-01 3.55840990e-11 2.14349448e-01 3.62495637e-01\n",
      " 2.78422751e-02 1.37504363e-01]\n",
      "[2.97825082e-01 6.39579703e-11 3.90947509e-01 1.03570182e-01\n",
      " 1.68370266e-01 3.92869610e-02]\n",
      "[2.69994594e-01 4.50256102e-11 2.74367294e-01 2.89996509e-01\n",
      " 3.56381121e-02 1.30003491e-01]\n",
      "[5.22886352e-01 5.10172533e-11 3.30322422e-01 7.13484206e-02\n",
      " 5.42562068e-02 2.11865987e-02]\n",
      "[3.50769594e-01 7.68378934e-11 4.42691052e-01 1.15135302e-01\n",
      " 5.19955315e-02 3.94085204e-02]\n",
      "[1.50329826e-01 6.07578040e-11 5.16135856e-01 1.04504523e-01\n",
      " 2.28753073e-01 2.76721689e-04]\n",
      "[3.75824566e-02 7.08535224e-11 3.64389573e-01 3.62495637e-01\n",
      " 1.42432346e-01 9.30999880e-02]\n",
      "[3.04564323e-01 4.56255433e-11 3.51726499e-01 1.24034204e-01\n",
      " 1.68370266e-01 5.13047078e-02]\n",
      "[1.04881274e-01 7.36009374e-11 3.93642524e-01 2.86555595e-01\n",
      " 8.49171156e-02 1.30003491e-01]\n",
      "\n",
      "Pre-adjustment group rates are \n",
      "\n",
      "0\n",
      "      fpr     tpr\n",
      "0  0.2359  0.5506\n",
      "1  0.3547  0.5926\n",
      "2  0.0036  0.0000\n",
      "3  0.0144  0.0000\n",
      "4  0.0299  0.2000\n",
      "5  0.1186  0.3958\n",
      "\n",
      "1\n",
      "      fpr     tpr\n",
      "0  0.3232  0.6045\n",
      "1  0.3090  0.4476\n",
      "2  0.0240  0.0667\n",
      "3  0.0218  0.2105\n",
      "4  0.0876  0.2597\n",
      "5  0.0412  0.2326\n",
      "\n",
      "\n",
      "And loss is 0.5720\n",
      "\n",
      "[0.56523086 0.2537645  0.03140396 0.02393521 0.10197205 0.02369341]\n",
      "[0.32585775 0.38626042 0.05520894 0.05785819 0.09284963 0.08196507]\n",
      "[0.29578047 0.38203128 0.05589905 0.04260467 0.18151025 0.04217428]\n",
      "[0.18334792 0.21328988 0.01552751 0.28403111 0.02264174 0.28116184]\n",
      "[0.30875164 0.26553194 0.03540273 0.05964654 0.27162315 0.05904399]\n",
      "[0.27183333 0.27457819 0.03105503 0.16864347 0.04528347 0.20860651]\n",
      "[0.56523086 0.2447457  0.04725303 0.03265539 0.07118874 0.03892627]\n",
      "[0.39233844 0.38626042 0.03399414 0.0497086  0.06046556 0.07723284]\n",
      "[0.18701466 0.28768354 0.05589905 0.045924   0.3978952  0.02558355]\n",
      "[0.04921438 0.40881345 0.01471028 0.28403111 0.12618764 0.11704314]\n",
      "[0.31573903 0.22416899 0.04978935 0.08887936 0.27162315 0.04980011]\n",
      "[0.13047534 0.34120606 0.01903947 0.18915796 0.11151466 0.20860651]\n",
      "\n",
      "Pre-adjustment group rates are \n",
      "\n",
      "0\n",
      "      fpr     tpr\n",
      "0  0.2604  0.5281\n",
      "1  0.3433  0.5625\n",
      "2  0.0037  0.0000\n",
      "3  0.0145  0.0000\n",
      "4  0.0345  0.2041\n",
      "5  0.1169  0.4000\n",
      "\n",
      "1\n",
      "      fpr     tpr\n",
      "0  0.3092  0.5878\n",
      "1  0.2795  0.4058\n",
      "2  0.0143  0.0667\n",
      "3  0.0316  0.3478\n",
      "4  0.1155  0.2625\n",
      "5  0.0543  0.2917\n",
      "\n",
      "\n",
      "And loss is 0.5824\n",
      "\n",
      "[5.46217892e-01 5.88922540e-03 3.91713108e-01 3.82466689e-02\n",
      " 2.38796324e-11 1.79331064e-02]\n",
      "[2.79275264e-01 9.51062407e-03 5.36214111e-01 1.02118606e-01\n",
      " 3.22565274e-11 7.28813940e-02]\n",
      "[2.82528072e-01 1.05673601e-02 7.06904568e-01 3.70628830e-12\n",
      " 3.78841240e-11 3.18920523e-12]\n",
      "[2.10408983e-01 3.38155523e-03 1.86209462e-01 4.08474424e-01\n",
      " 1.29183356e-11 1.91525576e-01]\n",
      "[3.21120601e-01 8.92420981e-03 5.27098046e-01 9.72558153e-02\n",
      " 3.48993213e-11 4.56013276e-02]\n",
      "[2.75613474e-01 5.07233284e-03 2.79314193e-01 2.72316283e-01\n",
      " 1.93843473e-11 1.67683717e-01]\n",
      "[5.46217892e-01 6.08285825e-03 3.50389271e-01 6.23873487e-02\n",
      " 1.62882338e-11 3.49226309e-02]\n",
      "[3.77099045e-01 9.51062407e-03 4.66523649e-01 9.94299107e-02\n",
      " 2.08674089e-11 4.74367709e-02]\n",
      "[1.85855958e-01 6.24983868e-03 7.06904568e-01 9.34181646e-02\n",
      " 3.23749939e-11 7.57147056e-03]\n",
      "[4.04034691e-02 8.15196350e-03 4.69156846e-01 4.08474424e-01\n",
      " 4.69528486e-11 7.38132975e-02]\n",
      "[3.02015932e-01 5.85922376e-03 5.11507469e-01 1.19901488e-01\n",
      " 3.48993213e-11 6.07158872e-02]\n",
      "[1.54879965e-01 8.30056700e-03 4.22726145e-01 2.46409606e-01\n",
      " 5.55699661e-11 1.67683717e-01]\n",
      "\n",
      "Pre-adjustment group rates are \n",
      "\n",
      "0\n",
      "      fpr     tpr\n",
      "0  0.2462  0.5455\n",
      "1  0.3430  0.5750\n",
      "2  0.0036  0.0000\n",
      "3  0.0142  0.0000\n",
      "4  0.0339  0.1961\n",
      "5  0.1234  0.4038\n",
      "\n",
      "1\n",
      "      fpr     tpr\n",
      "0  0.2757  0.5547\n",
      "1  0.2630  0.3884\n",
      "2  0.0293  0.0526\n",
      "3  0.0397  0.3077\n",
      "4  0.1297  0.3171\n",
      "5  0.0638  0.2830\n",
      "\n",
      "\n",
      "And loss is 0.5908\n",
      "\n",
      "[0.55468749 0.07343686 0.20832468 0.02675937 0.10673279 0.03005882]\n",
      "[0.27879474 0.10294998 0.34056575 0.07064473 0.10268954 0.10435527]\n",
      "[0.24477661 0.10573967 0.37409704 0.04709649 0.17538668 0.05290351]\n",
      "[0.17518663 0.03329007 0.09793454 0.31397659 0.0269221  0.35269008]\n",
      "[0.29701151 0.07095619 0.26113348 0.06464224 0.23364392 0.07261267]\n",
      "[0.2677635  0.05942427 0.18080223 0.19019736 0.04970231 0.25211033]\n",
      "[0.55468749 0.06833099 0.20539406 0.04402788 0.07588366 0.05167591]\n",
      "[0.38842975 0.10294998 0.28037441 0.0688918  0.07577306 0.08358101]\n",
      "[0.15789474 0.06974775 0.37409704 0.06635363 0.31058545 0.0213214 ]\n",
      "[0.03846154 0.09174511 0.27018546 0.31397659 0.13632958 0.14930171]\n",
      "[0.30487805 0.04848319 0.25675742 0.07413425 0.23364392 0.08210317]\n",
