{
 "cells": [
  {
   "cell_type": "markdown",
   "id": "f7aa95c8-06af-4ff4-9f34-56b69b4b82d1",
   "metadata": {},
   "source": [
    "# Testing DEMV on _The Trump Effect_ dataset"
   ]
  },
  {
   "cell_type": "markdown",
   "id": "92f4a035-6672-47e9-a326-b62c5ac9a9b8",
   "metadata": {},
   "source": [
    "**Protected group:** `GENDER=0 & RELIGION=0`"
   ]
  },
  {
   "cell_type": "code",
   "execution_count": 1,
   "id": "ad1352b9-5aa4-4b3b-856f-374f9f26e03f",
   "metadata": {},
   "outputs": [],
   "source": [
    "import pandas as pd\n",
    "\n",
    "from sklearn.linear_model import LogisticRegression\n",
    "from sklearn.preprocessing import StandardScaler, LabelEncoder\n",
    "from sklearn.pipeline import Pipeline\n",
    "\n",
    "import seaborn as sns\n",
    "\n",
    "from fairlearn.reductions import ZeroOneLoss, ExponentiatedGradient, BoundedGroupLoss\n",
    "\n",
    "from utils import *\n",
    "from demv import DEMV\n",
    "\n",
    "import warnings\n",
    "warnings.filterwarnings('ignore')\n",
    "\n",
    "sns.set_style('whitegrid')"
   ]
  },
  {
   "cell_type": "code",
   "execution_count": 2,
   "id": "e0297bd9-3f95-4de0-b958-6f54f8d7f546",
   "metadata": {
    "tags": []
   },
   "outputs": [],
   "source": [
    "def make_data():\n",
    "    data = pd.read_csv('data2/data_e28.csv - data_e28.csv.csv', index_col='[meta] uuid')\n",
    "    data.rename(columns = lambda c: c[c.find(\"]\")+1:].replace(\"_\", \" \").upper().strip(), inplace=True)\n",
    "    \n",
    "    voted = data['VOTED PARTY LAST ELECTION DE'][data['COUNTRY CODE'] == 'DE']\\\n",
    "    .append(data['VOTED PARTY LAST ELECTION IT'][data['COUNTRY CODE'] == 'IT'])\\\n",
    "    .append(data['VOTED PARTY LAST ELECTION FR'][data['COUNTRY CODE'] == 'FR'])\\\n",
    "    .append(data['VOTED PARTY LAST ELECTION GB'][data['COUNTRY CODE'] == 'GB'])\\\n",
    "    .append(data['VOTED PARTY LAST ELECTION ES'][data['COUNTRY CODE'] == 'ES'])\\\n",
    "    .append(data['VOTED PARTY LAST ELECTION PL'][data['COUNTRY CODE'] == 'PL'])\n",
    "\n",
    "    rankingParty = data['RANKING PARTY DE'][data['COUNTRY CODE'] == 'DE']\\\n",
    "    .append(data['RANKING PARTY IT'][data['COUNTRY CODE'] == 'IT'])\\\n",
    "    .append(data['RANKING PARTY FR'][data['COUNTRY CODE'] == 'FR'])\\\n",
    "    .append(data['RANKING PARTY GB'][data['COUNTRY CODE'] == 'GB'])\\\n",
    "    .append(data['RANKING PARTY ES'][data['COUNTRY CODE'] == 'ES'])\\\n",
    "    .append(data['RANKING PARTY PL'][data['COUNTRY CODE'] == 'PL'])\n",
    "\n",
    "    voteNextElection = pd.concat([data['VOTE NEXTELECTION DE'][data['COUNTRY CODE'] == 'DE'],\n",
    "                                    data['VOTE NEXTELECTION IT'][data['COUNTRY CODE'] == 'IT'],\n",
    "                                    data['VOTE NEXTELECTION FR'][data['COUNTRY CODE'] == 'FR'],\n",
    "                                    data['VOTE NEXTELECTION GB'][data['COUNTRY CODE'] == 'GB'],\n",
    "                                    data['VOTE NEXTELECTION ES'][data['COUNTRY CODE'] == 'ES'],\n",
    "                                    data['VOTE NEXTELECTION PL'][data['COUNTRY CODE'] == 'PL']], verify_integrity=True)\n",
    "\n",
    "    data['VOTED PARTY LAST ELECTION'] = voted\n",
    "    data['RANKING PARTY'] = rankingParty\n",
    "    data['VOTE NEXT ELECTION'] = voteNextElection\n",
    "\n",
    "    data.drop(['VOTED PARTY LAST ELECTION DE', 'VOTED PARTY LAST ELECTION IT', 'VOTED PARTY LAST ELECTION FR',\n",
    "               'VOTED PARTY LAST ELECTION GB', 'VOTED PARTY LAST ELECTION ES', 'VOTED PARTY LAST ELECTION PL',\n",
    "               'RANKING PARTY DE', 'RANKING PARTY IT', 'RANKING PARTY FR', 'RANKING PARTY GB', 'RANKING PARTY ES', \n",
    "               'RANKING PARTY PL', 'VOTE NEXTELECTION DE', 'VOTE NEXTELECTION IT', 'VOTE NEXTELECTION FR', 'VOTE NEXTELECTION GB',\n",
    "               'VOTE NEXTELECTION ES', 'VOTE NEXTELECTION PL'], axis=1, inplace=True)\n",
    "\n",
    "    data.drop('VOTE REFERENDUM', axis = 1, inplace=True)\n",
    "\n",
    "    data.drop('EMPLOYMENT STATUS IN EDUCATION', axis=1, inplace=True)\n",
    "\n",
    "    data.drop('ORIGIN', axis=1, inplace=True)\n",
    "\n",
    "    data['MEMBER ORGANIZATION'].fillna('Not member', inplace=True)\n",
    "    data.loc[data['MEMBER ORGANIZATION']=='Not member', 'ORGANIZATION ACTIVITIES TIMEPERWEEK'] = 'Not member'\n",
    "\n",
    "    data.drop(data.loc[data['HOUSEHOLD SIZE'].isnull()].index, inplace=True)\n",
    "\n",
    "    data.drop(data.loc[data['SOCIAL NETWORKS REGULARLY USED'].isnull()].index, inplace=True)\n",
    "\n",
    "    nullcols = data.isna().any()[data.isna().any()==True].index\n",
    "    data.drop(nullcols, axis=1, inplace=True)\n",
    "\n",
    "    data.drop('WEIGHT', axis=1, inplace=True)\n",
    "    data.loc[data['GENDER']=='male', 'GENDER'] = 1\n",
    "    data.loc[data['GENDER']!=1, 'GENDER'] = 0\n",
    "    data['GENDER'] = data['GENDER'].astype(int)\n",
    "    data.loc[data['RELIGION'] == 'Roman Catholic', 'RELIGION'] = 1\n",
    "    data.loc[data['RELIGION'] != 1, 'RELIGION'] = 0\n",
    "    data['RELIGION'] = data['RELIGION'].astype(int)\n",
    "    enc = LabelEncoder()\n",
    "    data['POLITICAL VIEW'] = enc.fit_transform(data['POLITICAL VIEW'].values)\n",
    "    data.rename(columns= lambda c: c.replace(\" \", \"_\"), inplace=True)\n",
    "    for c in data.columns:\n",
    "        if len(data[c].unique())>6:\n",
    "            data.drop(c, axis=1, inplace=True)\n",
    "    return data"
   ]
  },
  {
   "cell_type": "code",
   "execution_count": 3,
   "id": "a5b1985d-489a-4f73-988f-5ff061a8600d",
   "metadata": {},
   "outputs": [],
   "source": [
    "data = make_data()"
   ]
  },
  {
   "cell_type": "code",
   "execution_count": 4,
   "id": "dea19ba7-8f07-4946-ab23-334a8f17f458",
   "metadata": {},
   "outputs": [],
   "source": [
    "data = pd.get_dummies(data)"
   ]
  },
  {
   "cell_type": "code",
   "execution_count": 5,
   "id": "ab6c1f74",
   "metadata": {},
   "outputs": [
    {
     "data": {
      "text/plain": [
       "(7951, 204)"
      ]
     },
     "execution_count": 5,
     "metadata": {},
     "output_type": "execute_result"
    }
   ],
   "source": [
    "data.shape"
   ]
  },
  {
   "cell_type": "code",
   "execution_count": 6,
   "id": "f1c703d0",
   "metadata": {},
   "outputs": [
    {
     "data": {
      "text/plain": [
       "(2442, 204)"
      ]
     },
     "execution_count": 6,
     "metadata": {},
     "output_type": "execute_result"
    }
   ],
   "source": [
    "data[(data['GENDER']==0)&(data['RELIGION']==0)].shape"
   ]
  },
  {
   "cell_type": "code",
   "execution_count": 7,
   "id": "f9e74e71-1d30-47fb-9e5d-72625b80efee",
   "metadata": {},
   "outputs": [],
   "source": [
    "label = 'POLITICAL_VIEW'\n",
    "protected_group = {'GENDER': 0, 'RELIGION': 0}\n",
    "sensitive_variables=['GENDER', 'RELIGION']\n",
    "positive_label = 3"
   ]
  },
  {
   "cell_type": "code",
   "execution_count": 8,
   "id": "1a07e09c",
   "metadata": {},
   "outputs": [],
   "source": [
    "pipeline = Pipeline(\n",
    "    steps=[\n",
    "        (\"scaler\", StandardScaler()),\n",
    "        (\n",
    "            \"classifier\",\n",
    "            LogisticRegression(),\n",
    "        ),\n",
    "    ]\n",
    ")\n"
   ]
  },
  {
   "cell_type": "markdown",
   "id": "7021f008-3e92-4795-adf5-55a6eea1c3de",
   "metadata": {},
   "source": [
    "## Bias dataset"
   ]
  },
  {
   "cell_type": "markdown",
   "id": "44b9bf4e-4269-4ce2-9b0f-21731a2a8801",
   "metadata": {},
   "source": [
    "### Logistic Regression"
   ]
  },
  {
   "cell_type": "code",
   "execution_count": 9,
   "id": "bf02a191-dce0-46f4-8b7f-9bc8968b2869",
   "metadata": {},
   "outputs": [
    {
     "name": "stdout",
     "output_type": "stream",
     "text": [
      "Statistical parity:  -0.011  +-  0.009\n",
      "Disparate impact:  0.718  +-  0.211\n",
      "Zero one loss:  0.067  +-  0.041\n",
      "F1 score:  0.387  +-  0.012\n",
      "Accuracy score:  0.396  +-  0.014\n"
     ]
    }
   ],
   "source": [
    "model, lr_metrics, pred = cross_val2(pipeline, data, label, protected_group, sensitive_features=sensitive_variables, positive_label=positive_label)\n",
    "print_metrics(lr_metrics)"
   ]
  },
  {
   "cell_type": "markdown",
   "id": "b96435ba-b5a4-4a75-9c1b-ff652806c8d6",
   "metadata": {},
   "source": [
    "## DEMV application"
   ]
  },
  {
   "cell_type": "code",
   "execution_count": 10,
   "id": "e6bb6557-525e-4322-8d91-e1901b5a5de7",
   "metadata": {},
   "outputs": [],
   "source": [
    "demv = DEMV(round_level=1)\n",
    "demv_data = data.copy()"
   ]
  },
  {
   "cell_type": "markdown",
   "id": "4be387fe-5e0a-4dca-ab15-f2f05121a75c",
   "metadata": {},
   "source": [
    "### Logistic regression"
   ]
  },
  {
   "cell_type": "code",
   "execution_count": 11,
   "id": "2b03497c-a5cb-42a3-98bd-70c56e76c326",
   "metadata": {},
   "outputs": [
    {
     "name": "stdout",
     "output_type": "stream",
     "text": [
      "Statistical parity:  -0.008  +-  0.013\n",
      "Disparate impact:  0.716  +-  0.217\n",
      "Zero one loss:  0.069  +-  0.047\n",
      "F1 score:  0.381  +-  0.012\n",
      "Accuracy score:  0.391  +-  0.014\n"
     ]
    }
   ],
   "source": [
    "model, metrics_demv = cross_val(pipeline, demv_data, label, protected_group, sensitive_features=sensitive_variables, debiaser=demv, positive_label=positive_label)\n",
    "print_metrics(metrics_demv)"
   ]
  },
  {
   "cell_type": "markdown",
   "id": "1b8a6161-89ac-4406-b7d3-580fc3169365",
   "metadata": {},
   "source": [
    "##  Blackbox Postprocessing"
   ]
  },
  {
   "cell_type": "code",
   "execution_count": 12,
   "id": "50274773",
   "metadata": {},
   "outputs": [],
   "source": [
    "sensitive_features = ['combined']\n",
    "unpriv_group = {'combined': 1}"
   ]
  },
  {
   "cell_type": "code",
   "execution_count": 13,
   "id": "e9689067",
   "metadata": {},
   "outputs": [
    {
     "data": {
      "text/html": [
       "<div>\n",
       "<style scoped>\n",
       "    .dataframe tbody tr th:only-of-type {\n",
       "        vertical-align: middle;\n",
       "    }\n",
       "\n",
       "    .dataframe tbody tr th {\n",
       "        vertical-align: top;\n",
       "    }\n",
       "\n",
       "    .dataframe thead th {\n",
       "        text-align: right;\n",
       "    }\n",
       "</style>\n",
       "<table border=\"1\" class=\"dataframe\">\n",
       "  <thead>\n",
       "    <tr style=\"text-align: right;\">\n",
       "      <th></th>\n",
       "      <th>tp</th>\n",
       "      <th>fp</th>\n",
       "      <th>tn</th>\n",
       "      <th>fn</th>\n",
       "      <th>sens</th>\n",
       "      <th>spec</th>\n",
       "      <th>ppv</th>\n",
       "      <th>npv</th>\n",
       "      <th>j</th>\n",
       "      <th>f1</th>\n",
       "      <th>mcc</th>\n",
       "      <th>brier</th>\n",
       "      <th>auc</th>\n",
       "      <th>ap</th>\n",
       "      <th>true_prev</th>\n",
       "      <th>pred_prev</th>\n",
       "      <th>prev_diff</th>\n",
       "      <th>rel_prev_diff</th>\n",
       "    </tr>\n",
       "  </thead>\n",
       "  <tbody>\n",
       "    <tr>\n",
       "      <th>0</th>\n",
       "      <td>830.0</td>\n",
       "      <td>1200.0</td>\n",
       "      <td>4870.0</td>\n",
       "      <td>1052.0</td>\n",
       "      <td>0.3964</td>\n",
       "      <td>0.7898</td>\n",
       "      <td>0.3854</td>\n",
       "      <td>0.8108</td>\n",
       "      <td>0.1862</td>\n",
       "      <td>0.3868</td>\n",
       "      <td>0.1904</td>\n",
       "      <td>0.2832</td>\n",
       "      <td>0.0</td>\n",
       "      <td>0.0</td>\n",
       "      <td>1882.0</td>\n",
       "      <td>2029.0</td>\n",
       "      <td>147.0</td>\n",
       "      <td>0.0</td>\n",
       "    </tr>\n",
       "  </tbody>\n",
       "</table>\n",
       "</div>"
      ],
      "text/plain": [
       "      tp      fp      tn      fn    sens    spec     ppv     npv       j  \\\n",
       "0  830.0  1200.0  4870.0  1052.0  0.3964  0.7898  0.3854  0.8108  0.1862   \n",
       "\n",
       "       f1     mcc   brier  auc   ap  true_prev  pred_prev  prev_diff  \\\n",
       "0  0.3868  0.1904  0.2832  0.0  0.0     1882.0     2029.0      147.0   \n",
       "\n",
       "   rel_prev_diff  \n",
       "0            0.0  "
      ]
     },
     "execution_count": 13,
     "metadata": {},
     "output_type": "execute_result"
    }
   ],
   "source": [
    "data.loc[:,\"combined\"] = 0\n",
    "data.loc[(data['GENDER'] == 0) & (data[\"RELIGION\"] == 0),\"combined\"] = 1\n",
    "#Now pred has the actual values on column \"y_true\" and predicted values on column \"contr_use\"\n",
    "\n",
    "pred.loc[:,\"combined\"] = 0\n",
    "pred.loc[(pred['GENDER'] == 0) & (pred[\"RELIGION\"] == 0),\"combined\"] = 1\n",
    "\n",
    "y_pred = pred[label].values\n",
    "y_true = pred['y_true'].values\n",
    "\n",
    "import tools\n",
    "stats = tools.clf_metrics(y_true, y_pred)\n",
    "stats"
   ]
  },
  {
   "cell_type": "code",
   "execution_count": 14,
   "id": "f6c786f1",
   "metadata": {},
   "outputs": [],
   "source": [
    "%load_ext autoreload\n",
    "%autoreload 2"
   ]
  },
  {
   "cell_type": "code",
   "execution_count": 15,
   "id": "27918931",
   "metadata": {},
   "outputs": [
    {
     "name": "stdout",
     "output_type": "stream",
     "text": [
      "\n",
      "Pre-adjustment group rates are \n",
      "\n",
      "0\n",
      "      fpr     tpr\n",
      "0  0.2744  0.5233\n",
      "1  0.2922  0.4870\n",
      "2  0.0112  0.0769\n",
      "3  0.0284  0.2609\n",
      "4  0.0839  0.2636\n",
      "5  0.0911  0.3671\n",
      "\n",
      "1\n",
      "      fpr     tpr\n",
      "0  0.3636  0.5714\n",
      "1  0.2457  0.4857\n",
      "2  0.0129  0.0000\n",
      "3  0.0042  0.2222\n",
      "4  0.1478  0.2143\n",
      "5  0.0580  0.0952\n",
      "\n",
      "\n",
      "And loss is 0.5867\n",
      "\n",
      "\n",
      "Pre-adjustment group rates are \n",
      "\n",
      "0\n",
      "      fpr     tpr\n",
      "0  0.2712  0.5068\n",
      "1  0.2889  0.4857\n",
      "2  0.0123  0.0833\n",
      "3  0.0272  0.2727\n",
      "4  0.0911  0.2667\n",
      "5  0.0941  0.3733\n",
      "\n",
      "1\n",
      "      fpr     tpr\n",
      "0  0.3676  0.5625\n",
      "1  0.2418  0.4603\n",
      "2  0.0098  0.0000\n",
      "3  0.0048  0.2222\n",
      "4  0.1576  0.2188\n",
      "5  0.0612  0.1000\n",
      "\n",
      "\n",
      "And loss is 0.5950\n",
      "\n",
      "[1.66309781e-02 2.71585574e-01 1.07925005e-01 6.84932451e-03\n",
      " 5.97009111e-01 8.32702605e-09]\n",
      "[1.32649458e-02 4.81482422e-01 1.09846601e-01 2.85714415e-02\n",
      " 3.66834583e-01 7.00172723e-09]\n",
      "[5.24613264e-03 3.30429113e-01 3.71625685e-01 3.26141463e-08\n",
      " 2.92699030e-01 6.40647869e-09]\n",
      "[4.93099322e-03 2.70351093e-01 2.86651744e-01 2.72727300e-01\n",
      " 1.65338864e-01 5.81620348e-09]\n",
      "[1.15250629e-02 2.45461628e-01 1.36083301e-01 5.71428673e-02\n",
      " 5.49787134e-01 6.61093579e-09]\n",
      "[8.12390209e-03 3.70080607e-01 3.81502322e-01 2.66667132e-02\n",
      " 2.13626448e-01 8.59362172e-09]\n",
      "[1.66309781e-02 2.93273200e-01 1.70800251e-01 1.69724134e-02\n",
      " 5.02323151e-01 6.03699299e-09]\n",
      "[1.07940041e-02 4.81482422e-01 1.36409162e-01 4.19210709e-02\n",
      " 3.29393333e-01 8.45316971e-09]\n",
      "[4.92769859e-03 3.36946877e-01 3.71625685e-01 1.79398039e-02\n",
      " 2.68559928e-01 8.30996409e-09]\n",
      "[3.28513514e-03 3.30286658e-01 1.04011765e-01 2.72727300e-01\n",
      " 2.89689131e-01 1.08935883e-08]\n",
      "[1.47830922e-02 1.78804357e-01 2.25488428e-01 3.11369813e-02\n",
      " 5.49787134e-01 6.68926217e-09]\n",
      "[1.18264738e-02 3.80768132e-01 1.58830747e-01 2.09614527e-02\n",
      " 4.27613186e-01 8.59362172e-09]\n",
      "\n",
      "Pre-adjustment group rates are \n",
      "\n",
      "0\n",
      "      fpr     tpr\n",
      "0  0.2757  0.5294\n",
      "1  0.2926  0.4789\n",
      "2  0.0103  0.1000\n",
      "3  0.0295  0.2500\n",
      "4  0.0750  0.2766\n",
      "5  0.0907  0.3867\n",
      "\n",
      "1\n",
      "      fpr     tpr\n",
      "0  0.3714  0.5488\n",
      "1  0.2579  0.4762\n",
      "2  0.0094  0.0000\n",
      "3  0.0047  0.2500\n",
      "4  0.1538  0.2000\n",
      "5  0.0591  0.0526\n",
      "\n",
      "\n",
      "And loss is 0.5866\n",
      "\n",
      "[0.02819676 0.26225609 0.07902654 0.06961029 0.50333502 0.0575753 ]\n",
      "[0.02345605 0.44685758 0.05115182 0.12257034 0.3142508  0.0417134 ]\n",
      "[0.01199458 0.37325751 0.21966505 0.17546136 0.18587373 0.03374777]\n",
      "[0.01007234 0.27994313 0.0645959  0.46932671 0.1361795  0.03988243]\n",
      "[0.0186982  0.21839535 0.17156854 0.12916115 0.42266949 0.03950726]\n",
      "[0.01463943 0.34837368 0.04461302 0.35255864 0.17641138 0.06340386]\n",
      "[0.02819676 0.26051144 0.08036526 0.17035455 0.42568054 0.03489145]\n",
      "[0.01875805 0.44685758 0.06973494 0.09856202 0.29438066 0.07170674]\n",
      "[0.01027615 0.27803825 0.21966505 0.1163325  0.3305128  0.04517525]\n",
      "[9.25895664e-10 3.18530942e-01 6.86453287e-02 4.69326706e-01\n",
      " 8.70279634e-02 5.64690593e-02]\n",
      "[0.02569038 0.22791692 0.10983252 0.18377385 0.42266949 0.03011683]\n",
      "[0.01892975 0.40041049 0.08670989 0.11500544 0.31554058 0.06340386]\n",
      "\n",
      "Pre-adjustment group rates are \n",
      "\n",
      "0\n",
      "      fpr     tpr\n",
      "0  0.2530  0.5253\n",
      "1  0.3017  0.5455\n",
      "2  0.0084  0.0833\n",
      "3  0.0299  0.2727\n",
      "4  0.0814  0.2577\n",
      "5  0.0879  0.3478\n",
      "\n",
      "1\n",
      "      fpr     tpr\n",
      "0  0.3542  0.5854\n",
      "1  0.2420  0.4783\n",
      "2  0.0139  0.0000\n",
      "3  0.0046  0.2222\n",
      "4  0.1534  0.2162\n",
      "5  0.0531  0.1053\n",
      "\n",
      "\n",
      "And loss is 0.5754\n",
      "\n",
      "[2.26229255e-01 6.33186412e-12 1.28689909e-01 2.84571885e-02\n",
      " 3.43038449e-01 2.73585198e-01]\n",
      "[1.58642630e-01 5.46551139e-12 8.69248223e-02 6.43654227e-02\n",
      " 1.79240095e-01 5.10827030e-01]\n",
      "[6.57413797e-02 4.02101971e-12 4.02564583e-01 7.94599043e-02\n",
      " 8.77849038e-02 3.64449230e-01]\n",
      "[5.75901247e-02 3.44397343e-12 2.37822064e-01 3.59410805e-01\n",
      " 6.98319207e-02 2.75345085e-01]\n",
      "[1.55171340e-01 5.12535103e-12 2.57232027e-01 8.15158526e-02\n",
      " 2.49566148e-01 2.56514632e-01]\n",
      "[1.07169414e-01 4.57101404e-12 1.83210304e-01 1.39538418e-01\n",
      " 1.14987084e-01 4.55094781e-01]\n",
      "[2.26229255e-01 5.92700038e-12 1.66153703e-01 7.14320197e-02\n",
      " 2.90548064e-01 2.45636958e-01]\n",
      "[1.40027166e-01 5.46551139e-12 1.22821820e-01 6.88150154e-02\n",
      " 1.85221242e-01 4.83114757e-01]\n",
      "[3.86474977e-02 3.60962399e-12 4.02564583e-01 2.34697243e-02\n",
      " 1.50455303e-01 3.84862893e-01]\n",
      "[4.29416641e-02 3.87603693e-12 9.71840469e-02 3.59410805e-01\n",
      " 7.28380478e-02 4.27625436e-01]\n",
      "[1.77569584e-01 5.25480471e-12 2.10254946e-01 7.62216513e-02\n",
      " 2.49566148e-01 2.86387671e-01]\n",
      "[1.42385518e-01 5.16052065e-12 1.56400292e-01 4.92885455e-02\n",
      " 1.96830864e-01 4.55094781e-01]\n",
      "\n",
      "Pre-adjustment group rates are \n",
      "\n",
      "0\n",
      "      fpr     tpr\n",
      "0  0.2757  0.5226\n",
      "1  0.2845  0.4823\n",
      "2  0.0103  0.0909\n",
      "3  0.0316  0.2727\n",
      "4  0.0877  0.2680\n",
      "5  0.0869  0.3857\n",
      "\n",
      "1\n",
      "      fpr     tpr\n",
      "0  0.3650  0.5663\n",
      "1  0.2532  0.4839\n",
      "2  0.0096  0.0000\n",
      "3  0.0047  0.2500\n",
      "4  0.1484  0.1842\n",
      "5  0.0594  0.1111\n",
      "\n",
      "\n",
      "And loss is 0.5852\n",
      "\n",
      "[0.107203   0.27523014 0.13188837 0.01243501 0.40843548 0.064808  ]\n",
      "[0.07241741 0.47846374 0.09237205 0.05324162 0.24843326 0.05507192]\n",
      "[0.03447525 0.45095847 0.31593984 0.02107788 0.12416334 0.05338522]\n",
      "[0.03863729 0.27057508 0.23317371 0.29907462 0.0940794  0.0644599 ]\n",
      "[0.07520949 0.22501433 0.24236474 0.07261191 0.32818927 0.05661026]\n",
      "[0.06893468 0.35432451 0.25275599 0.07328665 0.13958706 0.11111111]\n",
      "[0.107203   0.27769007 0.16716358 0.0299572  0.35774519 0.06024096]\n",
      "[0.06717662 0.47846374 0.14231101 0.0633221  0.23259751 0.01612903]\n",
      "[0.03442108 0.33745977 0.31593984 0.04758751 0.1736827  0.09090909]\n",
      "[0.02366449 0.34064539 0.11510642 0.29907462 0.09650907 0.125     ]\n",
      "[0.09465797 0.21898373 0.20248326 0.05042262 0.32818927 0.10526316]\n",
      "[0.06310531 0.37725004 0.17081418 0.0508922  0.22682715 0.11111111]\n",
      "\n",
      "Pre-adjustment group rates are \n",
      "\n",
      "0\n",
      "      fpr     tpr\n",
      "0  0.2738  0.5226\n",
      "1  0.2857  0.4851\n",
      "2  0.0125  0.0833\n",
      "3  0.0320  0.2727\n",
      "4  0.0821  0.2475\n",
      "5  0.0967  0.3731\n",
      "\n",
      "1\n",
      "      fpr     tpr\n",
      "0  0.3571  0.5765\n",
      "1  0.2375  0.5077\n",
      "2  0.0141  0.0000\n",
      "3  0.0046  0.2500\n",
      "4  0.1543  0.2162\n",
      "5  0.0483  0.1111\n",
      "\n",
      "\n",
      "And loss is 0.5852\n",
      "\n",
      "[0.1305982  0.27096774 0.06408796 0.05465118 0.42958485 0.05011007]\n",
      "[0.07554999 0.48507463 0.02791038 0.11573477 0.24960517 0.04612507]\n",
      "[0.05106313 0.41666667 0.15899682 0.16979392 0.13181935 0.07166012]\n",
      "[0.0372785  0.27272727 0.09164116 0.42708538 0.10521813 0.06604957]\n",
      "[0.12203248 0.24752475 0.11638023 0.11320203 0.35905595 0.04180455]\n",
      "[0.04931171 0.35820896 0.03687187 0.2832745  0.16122185 0.11111111]\n",
      "[0.1305982  0.28158657 0.05647693 0.12060818 0.35190659 0.05882353]\n",
      "[0.07667775 0.48507463 0.05775288 0.13279589 0.23231424 0.01538462]\n",
      "[0.03775798 0.30836809 0.15899682 0.06944717 0.34209661 0.08333333]\n",
      "[0.02831849 0.23127607 0.05165317 0.42708538 0.1366669  0.125     ]\n",
      "[0.11021249 0.26891562 0.08364638 0.12411551 0.35905595 0.05405405]\n",
      "[0.08810196 0.3488291  0.06887089 0.10001133 0.28307561 0.11111111]\n",
      "\n",
      "Pre-adjustment group rates are \n",
      "\n",
      "0\n",
      "      fpr     tpr\n",
      "0  0.2853  0.5321\n",
      "1  0.2869  0.4745\n",
      "2  0.0124  0.0769\n",
      "3  0.0271  0.2500\n",
      "4  0.0838  0.2549\n",
      "5  0.0849  0.4028\n",
      "\n",
      "1\n",
      "      fpr     tpr\n",
      "0  0.3704  0.5647\n",
      "1  0.2516  0.5246\n",
      "2  0.0142  0.0000\n",
      "3  0.0047  0.2857\n",
      "4  0.1271  0.1795\n",
      "5  0.0597  0.1053\n",
      "\n",
      "\n",
      "And loss is 0.5824\n",
      "\n",
      "[4.34663772e-02 2.69120385e-01 7.63997221e-02 7.05128153e-02\n",
      " 5.40500659e-01 4.14836066e-08]\n",
      "[3.55531896e-02 4.63228764e-01 3.35542619e-02 1.31386850e-01\n",
      " 3.36276901e-01 3.37013917e-08]\n",
      "[1.44401355e-02 3.75516807e-01 1.09148770e-01 3.07692273e-01\n",
      " 1.93201986e-01 2.82294103e-08]\n",
      "[8.77557788e-03 1.83064447e-01 5.99189352e-02 6.24999946e-01\n",
      " 1.23241062e-01 3.18535182e-08]\n",
      "[2.91767657e-02 2.48871928e-01 1.30060663e-01 1.56862733e-01\n",
      " 4.35027877e-01 3.32013590e-08]\n",
      "[2.10803661e-02 3.52568559e-01 2.60808545e-02 4.16666613e-01\n",
      " 1.83603563e-01 4.42839654e-08]\n",
      "[4.34663772e-02 2.82295926e-01 6.73944049e-02 1.30098058e-01\n",
      " 4.76745204e-01 2.88010510e-08]\n",
      "[2.64984588e-02 4.63228764e-01 5.51827439e-02 1.66137229e-01\n",
      " 2.88952758e-01 4.65192837e-08]\n",
      "[1.71048281e-02 3.79844095e-01 1.09148770e-01 2.37731415e-01\n",
      " 2.56170840e-01 5.17116914e-08]\n",
      "[1.09959654e-02 1.35066757e-01 6.42560340e-02 6.24999946e-01\n",
      " 1.64681264e-01 3.38283822e-08]\n",
      "[3.74990393e-02 2.45172677e-01 8.17928881e-02 2.00507485e-01\n",
      " 4.35027877e-01 3.30669288e-08]\n",
      "[2.83580003e-02 3.48330032e-01 7.97308258e-02 2.05482415e-01\n",
      " 3.38098682e-01 4.42839654e-08]\n",
      "\n",
      "Pre-adjustment group rates are \n",
      "\n",
      "0\n",
      "      fpr     tpr\n",
      "0  0.2828  0.5316\n",
      "1  0.2801  0.4792\n",
      "2  0.0123  0.0769\n",
      "3  0.0292  0.2727\n",
      "4  0.0792  0.2784\n",
      "5  0.0922  0.3731\n",
      "\n",
      "1\n",
      "      fpr     tpr\n",
      "0  0.3406  0.5897\n",
      "1  0.2484  0.5238\n",
      "2  0.0147  0.0000\n",
      "3  0.0000  0.1250\n",
      "4  0.1341  0.2432\n",
      "5  0.0657  0.1111\n",
      "\n",
      "\n",
      "And loss is 0.5774\n",
      "\n",
      "[3.91172364e-09 2.78481011e-01 9.59315326e-02 6.32911465e-03\n",
      " 4.92762316e-01 1.26496022e-01]\n",
      "[2.82278641e-09 4.79166664e-01 6.64083186e-02 4.16666647e-02\n",
      " 3.20575214e-01 9.21831352e-02]\n",
      "[2.00301459e-09 3.84615383e-01 2.89808368e-01 2.23045182e-09\n",
      " 2.35684829e-01 8.98914156e-02]\n",
      "[2.76400083e-09 2.27272731e-01 2.05698533e-01 2.72727255e-01\n",
      " 1.88066159e-01 1.06235320e-01]\n",
      "[3.37856217e-09 2.26804124e-01 1.95111963e-01 5.15463896e-02\n",
      " 4.33289725e-01 9.32477955e-02]\n",
      "[2.30854629e-09 3.58208954e-01 1.79246254e-01 2.98507463e-02\n",
      " 2.73733454e-01 1.58960590e-01]\n",
      "[3.91172364e-09 2.73519707e-01 1.18962481e-01 2.59882172e-02\n",
      " 4.90619135e-01 9.09104556e-02]\n",
      "[2.85957757e-09 4.79166664e-01 9.67231055e-02 4.69287391e-02\n",
      " 2.80415378e-01 9.67661102e-02]\n",
      "[1.88504122e-09 2.99196481e-01 2.89808368e-01 2.00677833e-02\n",
      " 2.66522669e-01 1.24404696e-01]\n",
      "[1.76991053e-09 3.26470181e-01 9.22831001e-02 2.72727255e-01\n",
      " 1.37465179e-01 1.71054283e-01]\n",
      "[3.23285863e-09 2.28927353e-01 1.94974214e-01 1.16836605e-02\n",
      " 4.33289725e-01 1.31125044e-01]\n",
      "[3.11196853e-09 3.80565240e-01 1.01809380e-01 2.34795247e-02\n",
      " 3.35185262e-01 1.58960590e-01]\n",
      "\n",
      "Pre-adjustment group rates are \n",
      "\n",
      "0\n",
      "      fpr     tpr\n",
      "0  0.2778  0.5066\n",
      "1  0.3023  0.4857\n",
      "2  0.0124  0.0833\n",
      "3  0.0252  0.2353\n",
      "4  0.0863  0.2600\n",
      "5  0.0926  0.3425\n",
      "\n",
      "1\n",
      "      fpr     tpr\n",
      "0  0.3706  0.5875\n",
      "1  0.2390  0.4688\n",
      "2  0.0142  0.0000\n",
      "3  0.0046  0.1429\n",
      "4  0.1593  0.2195\n",
      "5  0.0542  0.0500\n",
      "\n",
      "\n",
      "And loss is 0.5969\n",
      "\n",
      "[9.37229152e-02 3.95886423e-11 2.86733530e-01 4.36495520e-02\n",
      " 3.58482431e-01 2.17411572e-01]\n",
      "[7.21027337e-02 5.02445697e-11 3.76581091e-01 8.08939391e-02\n",
      " 2.28178274e-01 2.42243963e-01]\n",
      "[2.78179474e-02 4.15986537e-11 5.18897792e-01 9.39121984e-02\n",
      " 1.60436486e-01 1.98935577e-01]\n",
      "[1.96361982e-02 3.64475509e-11 3.00417211e-01 4.01021526e-01\n",
      " 6.14658080e-02 2.17459256e-01]\n",
      "[6.32553863e-02 3.41531861e-11 3.42921125e-01 1.00712587e-01\n",
      " 3.14012015e-01 1.79098887e-01]\n",
      "[4.29247264e-02 4.38808720e-11 3.12512661e-01 2.20367531e-01\n",
      " 1.31815173e-01 2.92379909e-01]\n",
      "[9.37229152e-02 3.73583512e-11 3.70600175e-01 6.29469179e-02\n",
      " 3.35676910e-01 1.37053082e-01]\n",
      "[5.73305066e-02 5.02445697e-11 2.59622405e-01 1.41742295e-01\n",
      " 1.98672089e-01 3.42632705e-01]\n",
      "[2.90051575e-02 4.24333711e-11 5.18897792e-01 9.78364467e-02\n",
      " 8.84606869e-02 2.65799917e-01]\n",
      "[2.27897666e-02 4.26855263e-11 1.95477110e-01 4.01021526e-01\n",
      " 6.74474089e-02 3.13264188e-01]\n",
      "[7.39277795e-02 3.61637007e-11 3.92548011e-01 7.68878495e-02\n",
      " 3.14012015e-01 1.42624346e-01]\n",
      "[6.38113465e-02 4.70548686e-11 2.99736228e-01 1.07620091e-01\n",
      " 2.36452426e-01 2.92379909e-01]\n",
      "\n",
      "Pre-adjustment group rates are \n",
      "\n",
      "0\n",
      "      fpr     tpr\n",
      "0  0.2733  0.5321\n",
      "1  0.2972  0.4786\n",
      "2  0.0102  0.0833\n",
      "3  0.0252  0.2609\n",
      "4  0.0866  0.2604\n",
      "5  0.0913  0.3562\n",
      "\n",
      "1\n",
      "      fpr     tpr\n",
      "0  0.3431  0.5625\n",
      "1  0.2611  0.4667\n",
      "2  0.0146  0.0000\n",
      "3  0.0048  0.2222\n",
      "4  0.1564  0.2368\n",
      "5  0.0556  0.1053\n",
      "\n",
      "\n",
      "And loss is 0.5900\n",
      "\n",
      "[2.30669794e-01 1.25026697e-09 1.25040826e-01 2.74158491e-02\n",
      " 3.12739195e-01 3.04134334e-01]\n",
      "[1.73835502e-01 8.69996128e-10 7.69380956e-02 6.86039978e-02\n",
      " 1.96772288e-01 4.83850116e-01]\n",
      "[6.30711254e-02 4.61471860e-10 3.67900527e-01 8.19218112e-02\n",
      " 7.81436002e-02 4.08962936e-01]\n",
      "[5.77392237e-02 4.48784089e-10 1.88276796e-01 3.46353194e-01\n",
      " 5.97692506e-02 3.47861536e-01]\n",
      "[1.55709406e-01 9.08838217e-10 2.73347962e-01 6.19706792e-02\n",
      " 2.25842951e-01 2.83129001e-01]\n",
      "[9.62391026e-02 5.49420538e-10 1.41768948e-01 1.44107786e-01\n",
      " 9.15683742e-02 5.26315789e-01]\n",
      "[2.30669794e-01 1.09270175e-09 1.57554281e-01 7.84130449e-02\n",
      " 2.70862879e-01 2.62500000e-01]\n",
      "[1.50362532e-01 8.69996128e-10 1.11289901e-01 5.96322072e-02\n",
      " 1.78715359e-01 4.99999999e-01]\n",
      "[3.72799670e-02 4.71122530e-10 3.67900527e-01 1.06526144e-02\n",
      " 1.29621437e-01 4.54545454e-01]\n",
      "[4.55644040e-02 5.20462298e-10 9.42968322e-02 3.46353194e-01\n",
      " 6.93411257e-02 4.44444444e-01]\n",
      "[1.72665109e-01 8.92840501e-10 2.10048257e-01 7.56542093e-02\n",
      " 2.25842951e-01 3.15789473e-01]\n",
      "[1.51081970e-01 8.58277467e-10 1.02258291e-01 4.31711173e-02\n",
      " 1.77172832e-01 5.26315789e-01]\n",
      "\n",
      "Pre-adjustment group rates are \n",
      "\n",
      "0\n",
      "      fpr     tpr\n",
      "0  0.2751  0.5220\n",
      "1  0.3019  0.4779\n",
      "2  0.0103  0.0000\n",
      "3  0.0273  0.2381\n",
      "4  0.0859  0.2673\n",
      "5  0.0937  0.3286\n",
      "\n",
      "1\n",
      "      fpr     tpr\n",
      "0  0.3971  0.5714\n",
      "1  0.2250  0.4667\n",
      "2  0.0143  0.0000\n",
      "3  0.0047  0.2500\n",
      "4  0.1326  0.2308\n",
      "5  0.0647  0.1053\n",
      "\n",
      "\n",
      "And loss is 0.5927\n",
      "\n",
      "[0.24983683 0.23570305 0.04676336 0.06088058 0.34325914 0.06355704]\n",
      "[0.21293965 0.38938475 0.02429861 0.11017658 0.20998656 0.05321385]\n",
      "[0.07411492 0.32588508 0.12392291 0.23040035 0.17607709 0.06959965]\n",
      "[0.08874054 0.23277506 0.0196703  0.50514319 0.07845199 0.07521892]\n",
      "[0.1686865  0.20166156 0.11042636 0.1400397  0.3301615  0.04902438]\n",
      "[0.14392747 0.32588508 0.02360436 0.28091467 0.13201982 0.09364859]\n",
      "[0.24983683 0.25546306 0.05504825 0.10423742 0.28245838 0.05295605]\n",
      "[0.17488578 0.38938475 0.03465763 0.18740559 0.18401086 0.02965539]\n",
      "[0.08744289 0.1725281  0.12392291 0.0742004  0.45293953 0.08896616]\n",
      "[0.05465181 0.27406212 0.00477403 0.50514319 0.05016115 0.1112077 ]\n",
      "[0.21300192 0.19861802 0.07227621 0.094695   0.3301615  0.09124735]\n",
      "[0.1840903  0.32822083 0.04056187 0.13857602 0.21490239 0.09364859]\n",
      "\n",
      "Pre-adjustment group rates are \n",
      "\n",
      "0\n",
      "      fpr     tpr\n",
      "0  0.2513  0.4615\n",
      "1  0.3832  0.4890\n",
      "2  0.0200  0.0714\n",
      "3  0.0410  0.3077\n",
      "4  0.0667  0.2530\n",
      "5  0.0696  0.2584\n",
      "\n",
      "1\n",
      "      fpr     tpr\n",
      "0  0.3671  0.5000\n",
      "1  0.2378  0.3088\n",
      "2  0.0089  0.1250\n",
      "3  0.0357  0.2500\n",
      "4  0.1497  0.2889\n",
      "5  0.0690  0.3103\n",
      "\n",
      "\n",
      "And loss is 0.6189\n",
      "\n",
      "\n",
      "Pre-adjustment group rates are \n",
      "\n",
      "0\n",
      "      fpr     tpr\n",
      "0  0.2528  0.4516\n",
      "1  0.3949  0.4908\n",
      "2  0.0219  0.0769\n",
      "3  0.0429  0.2800\n",
      "4  0.0664  0.2564\n",
      "5  0.0645  0.2222\n",
      "\n",
      "1\n",
      "      fpr     tpr\n",
      "0  0.3456  0.5000\n",
      "1  0.2414  0.3273\n",
      "2  0.0104  0.0000\n",
      "3  0.0363  0.1429\n",
      "4  0.1572  0.2927\n",
      "5  0.0747  0.3077\n",
      "\n",
      "\n",
      "And loss is 0.6266\n",
      "\n",
      "[0.76757514 0.01192018 0.02402447 0.08878058 0.08189318 0.02580645]\n",
      "[0.70316959 0.01333546 0.02538373 0.08863319 0.08972344 0.0797546 ]\n",
      "[5.84695397e-01 1.04503825e-02 6.36545798e-02 2.15409209e-01\n",
      " 1.25790432e-01 2.83838242e-11]\n",
      "[0.21284993 0.00652104 0.04965057 0.4398967  0.09108176 0.2       ]\n",
      "[0.50724083 0.00801196 0.10609097 0.13266768 0.16906549 0.07692308]\n",
      "[0.40305799 0.01241144 0.02554042 0.25083309 0.08593483 0.22222222]\n",
      "[0.76757514 0.01380944 0.01219943 0.08232741 0.08537435 0.03871423]\n",
      "[0.68460919 0.01333546 0.03857253 0.09579917 0.07637133 0.09131232]\n",
      "[0.54379803 0.00813564 0.06365458 0.2052884  0.07594875 0.1031746 ]\n",
      "[0.13042688 0.00422974 0.06365458 0.4398967  0.2586175  0.1031746 ]\n",
      "[0.55831858 0.0078342  0.02721817 0.18191785 0.16906549 0.05564571]\n",
      "[0.39221166 0.0101618  0.11587129 0.18686445 0.07266858 0.22222222]\n",
      "\n",
      "Pre-adjustment group rates are \n",
      "\n",
      "0\n",
      "      fpr     tpr\n",
      "0  0.2500  0.4516\n",
      "1  0.3857  0.4909\n",
      "2  0.0199  0.0833\n",
      "3  0.0407  0.2609\n",
      "4  0.0683  0.2500\n",
      "5  0.0696  0.2738\n",
      "\n",
      "1\n",
      "      fpr     tpr\n",
      "0  0.3676  0.5156\n",
      "1  0.2292  0.3214\n",
      "2  0.0103  0.1667\n",
      "3  0.0365  0.2500\n",
      "4  0.1384  0.2927\n",
      "5  0.0686  0.3200\n",
      "\n",
      "\n",
      "And loss is 0.6168\n",
      "\n",
      "[0.68980698 0.08696265 0.02170462 0.04816891 0.12109878 0.03225806]\n",
      "[0.64690588 0.09730981 0.02038918 0.05648491 0.10012234 0.07878788]\n",
      "[0.44845117 0.06607456 0.06230029 0.18855971 0.15128094 0.08333333]\n",
      "[0.19533058 0.04309211 0.04875675 0.40558242 0.08984684 0.2173913 ]\n",
      "[0.4686127  0.05998875 0.09345043 0.08566605 0.2133347  0.07894737]\n",
      "[0.3550402  0.08259321 0.03115014 0.19403297 0.06337396 0.27380952]\n",
      "[0.68980698 0.0789931  0.04093237 0.05452061 0.09361535 0.0421316 ]\n",
      "[0.63501658 0.09730981 0.03799405 0.05119623 0.07380377 0.10467956]\n",
      "[5.00000000e-01 2.42495546e-02 6.23002855e-02 2.18527473e-01\n",
      " 1.94922687e-01 1.50224361e-10]\n",
      "[0.07333978 0.0540356  0.01477546 0.40558242 0.34441758 0.10784916]\n",
      "[0.5248856  0.05259175 0.02641522 0.11546288 0.2133347  0.06730985]\n",
      "[0.32428111 0.12881233 0.03309704 0.15733978 0.08266022 0.27380952]\n",
      "\n",
      "Pre-adjustment group rates are \n",
      "\n",
      "0\n",
      "      fpr     tpr\n",
      "0  0.2577  0.4333\n",
      "1  0.3728  0.4970\n",
      "2  0.0202  0.0833\n",
      "3  0.0393  0.3478\n",
      "4  0.0698  0.2468\n",
      "5  0.0742  0.2763\n",
      "\n",
      "1\n",
      "      fpr     tpr\n",
      "0  0.3688  0.4925\n",
      "1  0.2329  0.2742\n",
      "2  0.0100  0.1429\n",
      "3  0.0348  0.2857\n",
      "4  0.1538  0.2821\n",
      "5  0.0769  0.3462\n",
      "\n",
      "\n",
      "And loss is 0.6210\n",
      "\n",
      "[7.75104827e-01 9.26021400e-11 1.69200799e-02 4.81707367e-02\n",
      " 1.26471023e-01 3.33333334e-02]\n",
      "[7.40927666e-01 9.06358254e-11 1.21532273e-02 4.70220237e-02\n",
      " 1.17056847e-01 8.28402367e-02]\n",
      "[5.12116415e-01 8.77698212e-11 5.01288066e-02 1.78449147e-01\n",
      " 1.75972299e-01 8.33333334e-02]\n",
      "[1.83787672e-01 5.57963977e-11 4.17840465e-02 4.37577631e-01\n",
      " 1.19459346e-01 2.17391304e-01]\n",
      "[5.32379679e-01 9.49082963e-11 6.43038284e-02 8.30365616e-02\n",
      " 2.29370840e-01 9.09090909e-02]\n",
      "[3.85598985e-01 7.09581231e-11 2.69302017e-02 1.87713886e-01\n",
      " 1.23441138e-01 2.76315789e-01]\n",
      "[7.75104827e-01 7.29096392e-11 8.51694686e-03 5.45911722e-02\n",
      " 1.22555576e-01 3.92314773e-02]\n",
      "[6.95583887e-01 9.06358254e-11 2.48086537e-02 7.08362530e-02\n",
      " 1.06583102e-01 1.02188104e-01]\n",
      "[5.57558746e-01 9.40014232e-11 5.01288066e-02 1.42857143e-01\n",
      " 1.24118878e-01 1.25336427e-01]\n",
      "[3.67458005e-11 6.12246379e-11 3.13905413e-02 4.37577631e-01\n",
      " 4.19565226e-01 1.11466602e-01]\n",
      "[5.75636673e-01 6.78712714e-11 2.02658776e-02 1.00599215e-01\n",
      " 2.29370840e-01 7.41273941e-02]\n",
      "[4.55314822e-01 1.49109996e-10 7.60616963e-02 1.07587791e-01\n",
      " 8.47199015e-02 2.76315789e-01]\n",
      "\n",
      "Pre-adjustment group rates are \n",
      "\n",
      "0\n",
      "      fpr     tpr\n",
      "0  0.2464  0.4671\n",
      "1  0.3874  0.4821\n",
      "2  0.0164  0.0714\n",
      "3  0.0396  0.3810\n",
      "4  0.0691  0.2687\n",
      "5  0.0711  0.2532\n",
      "\n",
      "1\n",
      "      fpr     tpr\n",
      "0  0.3630  0.5147\n",
      "1  0.2467  0.3125\n",
      "2  0.0097  0.1250\n",
      "3  0.0290  0.2857\n",
      "4  0.1379  0.3250\n",
      "5  0.0642  0.3333\n",
      "\n",
      "\n",
      "And loss is 0.6098\n",
      "\n",
      "[7.91250729e-01 3.42972948e-10 2.48233455e-02 8.03241636e-02\n",
      " 8.38649192e-02 1.97368422e-02]\n",
      "[7.17013911e-01 3.41566859e-10 2.71550292e-02 8.88847128e-02\n",
      " 7.76606324e-02 8.92857143e-02]\n",
      "[5.59055510e-01 2.77890229e-10 8.62953655e-02 1.66286751e-01\n",
      " 1.16933802e-01 7.14285715e-02]\n",
      "[1.61509923e-01 1.28747727e-10 9.27357361e-02 4.90934776e-01\n",
      " 6.43433738e-02 1.90476191e-01]\n",
      "[4.95081746e-01 2.50718030e-10 1.18148577e-01 9.58362847e-02\n",
      " 1.86455780e-01 1.04477612e-01]\n",
      "[4.22262066e-01 2.69358202e-10 5.11853680e-02 1.99680156e-01\n",
      " 7.37078537e-02 2.53164557e-01]\n",
      "[7.91250729e-01 3.27643509e-10 2.62890265e-02 6.39990394e-02\n",
      " 6.36958538e-02 5.47653508e-02]\n",
      "[6.73367182e-01 3.41566859e-10 4.82140382e-02 9.85879734e-02\n",
      " 7.32870267e-02 1.06543780e-01]\n",
      "[4.81846872e-01 2.39320313e-10 8.62953655e-02 1.84855976e-01\n",
      " 1.50550615e-01 9.64511709e-02]\n",
      "[1.22110712e-01 2.05275603e-10 5.33736640e-02 4.90934776e-01\n",
      " 2.23350938e-01 1.10229909e-01]\n",
      "[6.06846872e-01 1.75027177e-10 2.08774497e-02 1.55625539e-01\n",
      " 1.86455780e-01 3.01943599e-02]\n",
      "[4.01414810e-01 4.06400909e-10 1.23198410e-01 1.45014491e-01\n",
      " 7.72077318e-02 2.53164557e-01]\n",
      "\n",
      "Pre-adjustment group rates are \n",
      "\n",
      "0\n",
      "      fpr     tpr\n",
      "0  0.2493  0.4832\n",
      "1  0.3698  0.4881\n",
      "2  0.0202  0.0833\n",
      "3  0.0436  0.3333\n",
      "4  0.0671  0.2432\n",
      "5  0.0703  0.2658\n",
      "\n",
      "1\n",
      "      fpr     tpr\n",
      "0  0.3759  0.5000\n",
