{
 "cells": [
  {
   "cell_type": "markdown",
   "id": "f7aa95c8-06af-4ff4-9f34-56b69b4b82d1",
   "metadata": {},
   "source": [
    "# Testing DEMV on _The Trump Effect_ dataset"
   ]
  },
  {
   "cell_type": "markdown",
   "id": "92f4a035-6672-47e9-a326-b62c5ac9a9b8",
   "metadata": {},
   "source": [
    "**Protected group:** `GENDER=0 & RELIGION=0`"
   ]
  },
  {
   "cell_type": "code",
   "execution_count": 1,
   "id": "ad1352b9-5aa4-4b3b-856f-374f9f26e03f",
   "metadata": {},
   "outputs": [],
   "source": [
    "import pandas as pd\n",
    "\n",
    "from sklearn.linear_model import LogisticRegression\n",
    "from sklearn.preprocessing import StandardScaler, LabelEncoder\n",
    "from sklearn.pipeline import Pipeline\n",
    "\n",
    "import seaborn as sns\n",
    "\n",
    "from fairlearn.reductions import ZeroOneLoss, ExponentiatedGradient, BoundedGroupLoss\n",
    "\n",
    "from utils import *\n",
    "from demv import DEMV\n",
    "\n",
    "import warnings\n",
    "warnings.filterwarnings('ignore')\n",
    "\n",
    "sns.set_style('whitegrid')"
   ]
  },
  {
   "cell_type": "code",
   "execution_count": 2,
   "id": "e0297bd9-3f95-4de0-b958-6f54f8d7f546",
   "metadata": {
    "tags": []
   },
   "outputs": [],
   "source": [
    "def make_data():\n",
    "    data = pd.read_csv('data2/data_e28.csv - data_e28.csv.csv', index_col='[meta] uuid')\n",
    "    data.rename(columns = lambda c: c[c.find(\"]\")+1:].replace(\"_\", \" \").upper().strip(), inplace=True)\n",
    "    \n",
    "    voted = data['VOTED PARTY LAST ELECTION DE'][data['COUNTRY CODE'] == 'DE']\\\n",
    "    .append(data['VOTED PARTY LAST ELECTION IT'][data['COUNTRY CODE'] == 'IT'])\\\n",
    "    .append(data['VOTED PARTY LAST ELECTION FR'][data['COUNTRY CODE'] == 'FR'])\\\n",
    "    .append(data['VOTED PARTY LAST ELECTION GB'][data['COUNTRY CODE'] == 'GB'])\\\n",
    "    .append(data['VOTED PARTY LAST ELECTION ES'][data['COUNTRY CODE'] == 'ES'])\\\n",
    "    .append(data['VOTED PARTY LAST ELECTION PL'][data['COUNTRY CODE'] == 'PL'])\n",
    "\n",
    "    rankingParty = data['RANKING PARTY DE'][data['COUNTRY CODE'] == 'DE']\\\n",
    "    .append(data['RANKING PARTY IT'][data['COUNTRY CODE'] == 'IT'])\\\n",
    "    .append(data['RANKING PARTY FR'][data['COUNTRY CODE'] == 'FR'])\\\n",
    "    .append(data['RANKING PARTY GB'][data['COUNTRY CODE'] == 'GB'])\\\n",
    "    .append(data['RANKING PARTY ES'][data['COUNTRY CODE'] == 'ES'])\\\n",
    "    .append(data['RANKING PARTY PL'][data['COUNTRY CODE'] == 'PL'])\n",
    "\n",
    "    voteNextElection = pd.concat([data['VOTE NEXTELECTION DE'][data['COUNTRY CODE'] == 'DE'],\n",
    "                                    data['VOTE NEXTELECTION IT'][data['COUNTRY CODE'] == 'IT'],\n",
    "                                    data['VOTE NEXTELECTION FR'][data['COUNTRY CODE'] == 'FR'],\n",
    "                                    data['VOTE NEXTELECTION GB'][data['COUNTRY CODE'] == 'GB'],\n",
    "                                    data['VOTE NEXTELECTION ES'][data['COUNTRY CODE'] == 'ES'],\n",
    "                                    data['VOTE NEXTELECTION PL'][data['COUNTRY CODE'] == 'PL']], verify_integrity=True)\n",
    "\n",
    "    data['VOTED PARTY LAST ELECTION'] = voted\n",
    "    data['RANKING PARTY'] = rankingParty\n",
    "    data['VOTE NEXT ELECTION'] = voteNextElection\n",
    "\n",
    "    data.drop(['VOTED PARTY LAST ELECTION DE', 'VOTED PARTY LAST ELECTION IT', 'VOTED PARTY LAST ELECTION FR',\n",
    "               'VOTED PARTY LAST ELECTION GB', 'VOTED PARTY LAST ELECTION ES', 'VOTED PARTY LAST ELECTION PL',\n",
    "               'RANKING PARTY DE', 'RANKING PARTY IT', 'RANKING PARTY FR', 'RANKING PARTY GB', 'RANKING PARTY ES', \n",
    "               'RANKING PARTY PL', 'VOTE NEXTELECTION DE', 'VOTE NEXTELECTION IT', 'VOTE NEXTELECTION FR', 'VOTE NEXTELECTION GB',\n",
    "               'VOTE NEXTELECTION ES', 'VOTE NEXTELECTION PL'], axis=1, inplace=True)\n",
    "\n",
    "    data.drop('VOTE REFERENDUM', axis = 1, inplace=True)\n",
    "\n",
    "    data.drop('EMPLOYMENT STATUS IN EDUCATION', axis=1, inplace=True)\n",
    "\n",
    "    data.drop('ORIGIN', axis=1, inplace=True)\n",
    "\n",
    "    data['MEMBER ORGANIZATION'].fillna('Not member', inplace=True)\n",
    "    data.loc[data['MEMBER ORGANIZATION']=='Not member', 'ORGANIZATION ACTIVITIES TIMEPERWEEK'] = 'Not member'\n",
    "\n",
    "    data.drop(data.loc[data['HOUSEHOLD SIZE'].isnull()].index, inplace=True)\n",
    "\n",
    "    data.drop(data.loc[data['SOCIAL NETWORKS REGULARLY USED'].isnull()].index, inplace=True)\n",
    "\n",
    "    nullcols = data.isna().any()[data.isna().any()==True].index\n",
    "    data.drop(nullcols, axis=1, inplace=True)\n",
    "\n",
    "    data.drop('WEIGHT', axis=1, inplace=True)\n",
    "    data.loc[data['GENDER']=='male', 'GENDER'] = 1\n",
    "    data.loc[data['GENDER']!=1, 'GENDER'] = 0\n",
    "    data['GENDER'] = data['GENDER'].astype(int)\n",
    "    data.loc[data['RELIGION'] == 'Roman Catholic', 'RELIGION'] = 1\n",
    "    data.loc[data['RELIGION'] != 1, 'RELIGION'] = 0\n",
    "    data['RELIGION'] = data['RELIGION'].astype(int)\n",
    "    enc = LabelEncoder()\n",
    "    data['POLITICAL VIEW'] = enc.fit_transform(data['POLITICAL VIEW'].values)\n",
    "    data.rename(columns= lambda c: c.replace(\" \", \"_\"), inplace=True)\n",
    "    for c in data.columns:\n",
    "        if len(data[c].unique())>6:\n",
    "            data.drop(c, axis=1, inplace=True)\n",
    "    return data"
   ]
  },
  {
   "cell_type": "code",
   "execution_count": 3,
   "id": "a5b1985d-489a-4f73-988f-5ff061a8600d",
   "metadata": {},
   "outputs": [],
   "source": [
    "data = make_data()"
   ]
  },
  {
   "cell_type": "code",
   "execution_count": 4,
   "id": "dea19ba7-8f07-4946-ab23-334a8f17f458",
   "metadata": {},
   "outputs": [],
   "source": [
    "data = pd.get_dummies(data)"
   ]
  },
  {
   "cell_type": "code",
   "execution_count": 5,
   "id": "ab6c1f74",
   "metadata": {},
   "outputs": [
    {
     "data": {
      "text/plain": [
       "(7951, 204)"
      ]
     },
     "execution_count": 5,
     "metadata": {},
     "output_type": "execute_result"
    }
   ],
   "source": [
    "data.shape"
   ]
  },
  {
   "cell_type": "code",
   "execution_count": 6,
   "id": "f1c703d0",
   "metadata": {},
   "outputs": [
    {
     "data": {
      "text/plain": [
       "(2442, 204)"
      ]
     },
     "execution_count": 6,
     "metadata": {},
     "output_type": "execute_result"
    }
   ],
   "source": [
    "data[(data['GENDER']==0)&(data['RELIGION']==0)].shape"
   ]
  },
  {
   "cell_type": "code",
   "execution_count": 7,
   "id": "f9e74e71-1d30-47fb-9e5d-72625b80efee",
   "metadata": {},
   "outputs": [],
   "source": [
    "label = 'POLITICAL_VIEW'\n",
    "protected_group = {'GENDER': 0, 'RELIGION': 0}\n",
    "sensitive_variables=['GENDER', 'RELIGION']\n",
    "positive_label = 3"
   ]
  },
  {
   "cell_type": "code",
   "execution_count": 8,
   "id": "1a07e09c",
   "metadata": {},
   "outputs": [],
   "source": [
    "pipeline = Pipeline(\n",
    "    steps=[\n",
    "        (\"scaler\", StandardScaler()),\n",
    "        (\n",
    "            \"classifier\",\n",
    "            LogisticRegression(),\n",
    "        ),\n",
    "    ]\n",
    ")\n"
   ]
  },
  {
   "cell_type": "markdown",
   "id": "7021f008-3e92-4795-adf5-55a6eea1c3de",
   "metadata": {},
   "source": [
    "## Bias dataset"
   ]
  },
  {
   "cell_type": "markdown",
   "id": "44b9bf4e-4269-4ce2-9b0f-21731a2a8801",
   "metadata": {},
   "source": [
    "### Logistic Regression"
   ]
  },
  {
   "cell_type": "code",
   "execution_count": 9,
   "id": "bf02a191-dce0-46f4-8b7f-9bc8968b2869",
   "metadata": {},
   "outputs": [
    {
     "name": "stdout",
     "output_type": "stream",
     "text": [
      "Statistical parity:  -0.011  +-  0.009\n",
      "Disparate impact:  0.718  +-  0.211\n",
      "Zero one loss:  0.067  +-  0.041\n",
      "F1 score:  0.387  +-  0.012\n",
      "Accuracy score:  0.396  +-  0.014\n"
     ]
    }
   ],
   "source": [
    "model, lr_metrics, pred = cross_val2(pipeline, data, label, protected_group, sensitive_features=sensitive_variables, positive_label=positive_label)\n",
    "print_metrics(lr_metrics)"
   ]
  },
  {
   "cell_type": "markdown",
   "id": "b96435ba-b5a4-4a75-9c1b-ff652806c8d6",
   "metadata": {},
   "source": [
    "## DEMV application"
   ]
  },
  {
   "cell_type": "code",
   "execution_count": 10,
   "id": "e6bb6557-525e-4322-8d91-e1901b5a5de7",
   "metadata": {},
   "outputs": [],
   "source": [
    "demv = DEMV(round_level=1)\n",
    "demv_data = data.copy()"
   ]
  },
  {
   "cell_type": "markdown",
   "id": "4be387fe-5e0a-4dca-ab15-f2f05121a75c",
   "metadata": {},
   "source": [
    "### Logistic regression"
   ]
  },
  {
   "cell_type": "code",
   "execution_count": 11,
   "id": "2b03497c-a5cb-42a3-98bd-70c56e76c326",
   "metadata": {},
   "outputs": [
    {
     "name": "stdout",
     "output_type": "stream",
     "text": [
      "Statistical parity:  -0.008  +-  0.013\n",
      "Disparate impact:  0.713  +-  0.217\n",
      "Zero one loss:  0.067  +-  0.046\n",
      "F1 score:  0.381  +-  0.012\n",
      "Accuracy score:  0.391  +-  0.014\n"
     ]
    }
   ],
   "source": [
    "model, metrics_demv = cross_val(pipeline, demv_data, label, protected_group, sensitive_features=sensitive_variables, debiaser=demv, positive_label=positive_label)\n",
    "print_metrics(metrics_demv)"
   ]
  },
  {
   "cell_type": "markdown",
   "id": "1b8a6161-89ac-4406-b7d3-580fc3169365",
   "metadata": {},
   "source": [
    "##  Blackbox Postprocessing"
   ]
  },
  {
   "cell_type": "code",
   "execution_count": 12,
   "id": "50274773",
   "metadata": {},
   "outputs": [],
   "source": [
    "sensitive_features = ['combined']\n",
    "unpriv_group = {'combined': 1}"
   ]
  },
  {
   "cell_type": "code",
   "execution_count": 13,
   "id": "e9689067",
   "metadata": {},
   "outputs": [
    {
     "data": {
      "text/html": [
       "<div>\n",
       "<style scoped>\n",
       "    .dataframe tbody tr th:only-of-type {\n",
       "        vertical-align: middle;\n",
       "    }\n",
       "\n",
       "    .dataframe tbody tr th {\n",
       "        vertical-align: top;\n",
       "    }\n",
       "\n",
       "    .dataframe thead th {\n",
       "        text-align: right;\n",
       "    }\n",
       "</style>\n",
       "<table border=\"1\" class=\"dataframe\">\n",
       "  <thead>\n",
       "    <tr style=\"text-align: right;\">\n",
       "      <th></th>\n",
       "      <th>tp</th>\n",
       "      <th>fp</th>\n",
       "      <th>tn</th>\n",
       "      <th>fn</th>\n",
       "      <th>sens</th>\n",
       "      <th>spec</th>\n",
       "      <th>ppv</th>\n",
       "      <th>npv</th>\n",
       "      <th>j</th>\n",
       "      <th>f1</th>\n",
       "      <th>mcc</th>\n",
       "      <th>brier</th>\n",
       "      <th>auc</th>\n",
       "      <th>ap</th>\n",
       "      <th>true_prev</th>\n",
       "      <th>pred_prev</th>\n",
       "      <th>prev_diff</th>\n",
       "      <th>rel_prev_diff</th>\n",
       "    </tr>\n",
       "  </thead>\n",
       "  <tbody>\n",
       "    <tr>\n",
       "      <th>0</th>\n",
       "      <td>830.0</td>\n",
       "      <td>1200.0</td>\n",
       "      <td>4870.0</td>\n",
       "      <td>1052.0</td>\n",
       "      <td>0.3964</td>\n",
       "      <td>0.7898</td>\n",
       "      <td>0.3854</td>\n",
       "      <td>0.8108</td>\n",
       "      <td>0.1862</td>\n",
       "      <td>0.3868</td>\n",
       "      <td>0.1904</td>\n",
       "      <td>0.2832</td>\n",
       "      <td>0.0</td>\n",
       "      <td>0.0</td>\n",
       "      <td>1882.0</td>\n",
       "      <td>2029.0</td>\n",
       "      <td>147.0</td>\n",
       "      <td>0.0</td>\n",
       "    </tr>\n",
       "  </tbody>\n",
       "</table>\n",
       "</div>"
      ],
      "text/plain": [
       "      tp      fp      tn      fn    sens    spec     ppv     npv       j  \\\n",
       "0  830.0  1200.0  4870.0  1052.0  0.3964  0.7898  0.3854  0.8108  0.1862   \n",
       "\n",
       "       f1     mcc   brier  auc   ap  true_prev  pred_prev  prev_diff  \\\n",
       "0  0.3868  0.1904  0.2832  0.0  0.0     1882.0     2029.0      147.0   \n",
       "\n",
       "   rel_prev_diff  \n",
       "0            0.0  "
      ]
     },
     "execution_count": 13,
     "metadata": {},
     "output_type": "execute_result"
    }
   ],
   "source": [
    "data.loc[:,\"combined\"] = 0\n",
    "data.loc[(data['GENDER'] == 0) & (data[\"RELIGION\"] == 0),\"combined\"] = 1\n",
    "#Now pred has the actual values on column \"y_true\" and predicted values on column \"contr_use\"\n",
    "\n",
    "pred.loc[:,\"combined\"] = 0\n",
    "pred.loc[(pred['GENDER'] == 0) & (pred[\"RELIGION\"] == 0),\"combined\"] = 1\n",
    "\n",
    "y_pred = pred[label].values\n",
    "y_true = pred['y_true'].values\n",
    "\n",
    "import tools\n",
    "stats = tools.clf_metrics(y_true, y_pred)\n",
    "stats"
   ]
  },
  {
   "cell_type": "code",
   "execution_count": 14,
   "id": "f6c786f1",
   "metadata": {},
   "outputs": [],
   "source": [
    "%load_ext autoreload\n",
    "%autoreload 2"
   ]
  },
  {
   "cell_type": "code",
   "execution_count": 15,
   "id": "27918931",
   "metadata": {},
   "outputs": [
    {
     "name": "stdout",
     "output_type": "stream",
     "text": [
      "\n",
      "Pre-adjustment group rates are \n",
      "\n",
      "0\n",
      "      fpr     tpr\n",
      "0  0.3037  0.5660\n",
      "1  0.2409  0.5225\n",
      "2  0.0074  0.0435\n",
      "3  0.0206  0.2069\n",
      "4  0.0930  0.2747\n",
      "5  0.0854  0.3929\n",
      "\n",
      "1\n",
      "      fpr     tpr\n",
      "0  0.4189  0.6190\n",
      "1  0.1461  0.4074\n",
      "2  0.0089  0.0000\n",
      "3  0.0317  0.2727\n",
      "4  0.1609  0.2759\n",
      "5  0.0512  0.1765\n",
      "\n",
      "\n",
      "And loss is 0.5678\n",
      "\n",
      "\n",
      "Pre-adjustment group rates are \n",
      "\n",
      "0\n",
      "      fpr     tpr\n",
      "0  0.3083  0.5625\n",
      "1  0.2471  0.5312\n",
      "2  0.0083  0.0000\n",
      "3  0.0167  0.2000\n",
      "4  0.0915  0.2692\n",
      "5  0.0843  0.3766\n",
      "\n",
      "1\n",
      "      fpr     tpr\n",
      "0  0.4254  0.6282\n",
      "1  0.1455  0.4043\n",
      "2  0.0049  0.0000\n",
      "3  0.0248  0.3000\n",
      "4  0.1667  0.2857\n",
      "5  0.0452  0.2308\n",
      "\n",
      "\n",
      "And loss is 0.5656\n",
      "\n",
      "[6.28205128e-01 1.62149970e-01 1.29709833e-01 6.25000000e-02\n",
      " 1.74350678e-02 3.68383582e-10]\n",
      "[5.24147899e-01 3.10111818e-01 7.18293457e-02 8.12500000e-02\n",
      " 1.26609365e-02 6.66952410e-10]\n",
      "[3.35761171e-01 8.75609839e-02 4.71082845e-01 1.00000000e-01\n",
      " 5.59499929e-03 2.07441702e-10]\n",
      "[2.25627301e-01 1.16747979e-01 1.34640721e-01 5.20000000e-01\n",
      " 2.98399960e-03 2.83290128e-10]\n",
      "[4.79824824e-01 9.72899822e-02 2.99131989e-01 1.02564103e-01\n",
      " 2.11891013e-02 2.44685433e-10]\n",
      "[2.53096393e-01 1.81944902e-01 1.20735979e-01 4.28571428e-01\n",
      " 1.56512983e-02 4.29881335e-10]\n",
      "[6.28205128e-01 1.64778509e-01 1.15958854e-01 7.95927662e-02\n",
      " 1.14647424e-02 2.15010834e-10]\n",
      "[4.46808511e-01 3.10111818e-01 8.01843141e-02 1.51295673e-01\n",
      " 1.15996841e-02 2.77582621e-10]\n",
      "[3.75000000e-01 1.05129682e-01 4.71082845e-01 1.16157143e-02\n",
      " 3.71717582e-02 3.20519224e-10]\n",
      "[2.00000000e-01 1.10687678e-01 1.50746511e-01 5.20000000e-01\n",
      " 1.85658075e-02 4.01191031e-09]\n",
      "[4.82142857e-01 1.27518034e-01 2.15352158e-01 1.53797849e-01\n",
      " 2.11891013e-02 2.87196853e-10]\n",
      "[3.07692308e-01 1.42894708e-01 1.15958854e-01 4.14348910e-01\n",
      " 1.91052191e-02 4.29881335e-10]\n",
      "\n",
      "Pre-adjustment group rates are \n",
      "\n",
      "0\n",
      "      fpr     tpr\n",
      "0  0.3033  0.5533\n",
      "1  0.2436  0.5153\n",
      "2  0.0081  0.0500\n",
      "3  0.0224  0.2000\n",
      "4  0.0970  0.2892\n",
      "5  0.0748  0.4267\n",
      "\n",
      "1\n",
      "      fpr     tpr\n",
      "0  0.4240  0.6267\n",
      "1  0.1419  0.4444\n",
      "2  0.0052  0.0000\n",
      "3  0.0208  0.2500\n",
      "4  0.1533  0.3000\n",
      "5  0.0543  0.1875\n",
      "\n",
      "\n",
      "And loss is 0.5587\n",
      "\n",
      "[0.56555057 0.1612105  0.17219861 0.07333333 0.01976146 0.00794553]\n",
      "[0.46840813 0.28980628 0.13708638 0.0797546  0.01291497 0.01202963]\n",
      "[0.29160893 0.05623622 0.5        0.05000001 0.09026309 0.01189176]\n",
      "[0.21602536 0.13496693 0.17428918 0.44       0.02916577 0.00555276]\n",
      "[0.42570767 0.09485627 0.32202154 0.09638555 0.05417359 0.00685537]\n",
      "[0.18440949 0.15746141 0.13632862 0.49333333 0.02024622 0.00822093]\n",
      "[0.56555057 0.17399164 0.16       0.08625411 0.00601929 0.00818439]\n",
      "[0.39164343 0.28980628 0.08888889 0.20014261 0.01003215 0.01948664]\n",
      "[4.40598859e-01 5.94011413e-02 5.00000000e-01 4.75394551e-11\n",
      " 1.22463982e-10 4.52567917e-11]\n",
      "[0.22029943 0.0963583  0.125      0.44       0.11286165 0.00548062]\n",
      "[0.4229749  0.09968604 0.3        0.11965787 0.05417359 0.00350759]\n",
      "[0.22029943 0.12968717 0.1875     0.36964624 0.08464624 0.00822093]\n",
      "\n",
      "Pre-adjustment group rates are \n",
      "\n",
      "0\n",
      "      fpr     tpr\n",
      "0  0.3041  0.5899\n",
      "1  0.2258  0.5092\n",
      "2  0.0062  0.0476\n",
      "3  0.0208  0.2609\n",
      "4  0.0922  0.3086\n",
      "5  0.0867  0.3896\n",
      "\n",
      "1\n",
      "      fpr     tpr\n",
      "0  0.4044  0.6184\n",
      "1  0.1358  0.4000\n",
      "2  0.0098  0.0000\n",
      "3  0.0345  0.3333\n",
      "4  0.1761  0.2642\n",
      "5  0.0564  0.1765\n",
      "\n",
      "\n",
      "And loss is 0.5615\n",
      "\n",
      "[0.62956916 0.14766599 0.09161659 0.07913669 0.04821406 0.00379751]\n",
      "[0.52464682 0.28247761 0.07114157 0.08588957 0.02857998 0.00726444]\n",
      "[0.29039683 0.05283288 0.53682243 0.0952381  0.02335107 0.0013587 ]\n",
      "[0.15084375 0.09647743 0.17787349 0.56521739 0.00710685 0.0024811 ]\n",
      "[0.44095401 0.08218447 0.34066768 0.09876543 0.03531488 0.00211353]\n",
      "[0.24781472 0.15849863 0.12338957 0.45454545 0.01167553 0.00407609]\n",
      "[0.62956916 0.14016874 0.12855485 0.07181356 0.02595086 0.00394283]\n",
      "[0.46       0.28247761 0.07515514 0.14139303 0.03175522 0.00921899]\n",
      "[2.85714286e-01 1.07860954e-01 5.36822432e-01 3.55728091e-09\n",
      " 6.96023220e-02 3.45898473e-09]\n",
      "[2.05250674e-01 3.35567511e-02 1.67011427e-01 5.65217389e-01\n",
      " 2.89511666e-02 1.25926678e-05]\n",
      "[0.47169811 0.11556096 0.19852301 0.17629246 0.03531488 0.00261057]\n",
      "[0.23529412 0.14460848 0.13262672 0.45127275 0.03212184 0.00407609]\n",
      "\n",
      "Pre-adjustment group rates are \n",
      "\n",
      "0\n",
      "      fpr     tpr\n",
      "0  0.3089  0.5634\n",
      "1  0.2378  0.5247\n",
      "2  0.0061  0.0455\n",
      "3  0.0206  0.2000\n",
      "4  0.0890  0.2619\n",
      "5  0.0851  0.4342\n",
      "\n",
      "1\n",
      "      fpr     tpr\n",
      "0  0.4338  0.5942\n",
      "1  0.1569  0.4038\n",
      "2  0.0102  0.0000\n",
      "3  0.0308  0.3000\n",
      "4  0.1548  0.2400\n",
      "5  0.0529  0.1875\n",
      "\n",
      "\n",
      "And loss is 0.5726\n",
      "\n",
      "[5.37035339e-01 1.36519240e-01 1.15734376e-01 7.04225352e-02\n",
      " 1.40288510e-01 2.98838518e-10]\n",
      "[5.02256332e-01 2.54288152e-01 7.40317281e-02 8.64197531e-02\n",
      " 8.30040350e-02 2.33553744e-10]\n",
      "[2.59973925e-01 6.60877229e-02 5.15116868e-01 9.09090909e-02\n",
      " 6.79123923e-02 1.75568825e-10]\n",
      "[1.86538465e-01 9.69286602e-02 1.26651422e-01 5.60000000e-01\n",
      " 2.98814526e-02 1.83744521e-10]\n",
      "[4.14966264e-01 8.65434466e-02 2.87639431e-01 9.52380952e-02\n",
      " 1.15612763e-01 2.55436881e-10]\n",
      "[2.45445349e-01 1.27537711e-01 1.00857134e-01 4.86842105e-01\n",
      " 3.93177008e-02 2.23746058e-10]\n",
      "[5.37035339e-01 1.46178831e-01 1.19447390e-01 1.09832858e-01\n",
      " 8.75055817e-02 2.46918039e-10]\n",
      "[4.23101428e-01 2.54288152e-01 7.92487490e-02 1.57519024e-01\n",
      " 8.58426465e-02 4.42316555e-10]\n",
      "[3.35437943e-01 6.23535556e-02 5.15116868e-01 2.09093295e-11\n",
      " 8.70916328e-02 1.98529315e-11]\n",
      "[1.81439503e-01 7.05677854e-02 8.24186990e-02 5.60000000e-01\n",
      " 1.05574013e-01 1.42675985e-10]\n",
      "[4.85569904e-01 8.45349818e-02 1.97804877e-01 1.16477473e-01\n",
      " 1.15612763e-01 1.24989724e-10]\n",
      "[1.72480096e-01 1.32314597e-01 1.54535061e-01 4.30895262e-01\n",
      " 1.09774984e-01 2.23746058e-10]\n",
      "\n",
      "Pre-adjustment group rates are \n",
      "\n",
      "0\n",
      "      fpr     tpr\n",
      "0  0.3079  0.5603\n",
      "1  0.2507  0.5155\n",
      "2  0.0062  0.0435\n",
      "3  0.0208  0.1852\n",
      "4  0.0960  0.2593\n",
      "5  0.0901  0.3467\n",
      "\n",
      "1\n",
      "      fpr     tpr\n",
      "0  0.4264  0.6203\n",
      "1  0.1603  0.3846\n",
      "2  0.0099  0.0000\n",
      "3  0.0350  0.1250\n",
      "4  0.1677  0.2553\n",
      "5  0.0417  0.1250\n",
      "\n",
      "\n",
      "And loss is 0.5824\n",
      "\n",
      "[0.62025315 0.13300616 0.11520047 0.07092199 0.04599505 0.01462317]\n",
      "[0.52585853 0.24170359 0.08465243 0.0931677  0.028044   0.02657375]\n",
      "[0.28807972 0.06115392 0.53567092 0.08695652 0.02141543 0.00672348]\n",
      "[0.19455172 0.10418816 0.16216541 0.5185185  0.00912139 0.01145482]\n",
      "[0.48613547 0.07524701 0.29306666 0.09876543 0.0385125  0.00827293]\n",
      "[0.27405254 0.15628224 0.12710945 0.41333332 0.01204023 0.01718222]\n",
      "[0.62025315 0.12781544 0.13222257 0.07703132 0.02775035 0.01492716]\n",
      "[0.48076922 0.24170359 0.07726023 0.14662984 0.02366366 0.02997346]\n",
      "[3.33333328e-01 3.95078247e-02 5.35670924e-01 1.29666618e-08\n",
      " 9.14879044e-02 5.32661001e-09]\n",
      "[0.125      0.10686827 0.2008766  0.5185185  0.03771016 0.01102646]\n",
      "[0.48936169 0.09869025 0.20515057 0.15789886 0.0385125  0.01038612]\n",
      "[0.25       0.15686637 0.15065745 0.39445968 0.03083427 0.01718222]\n",
      "\n",
      "Pre-adjustment group rates are \n",
      "\n",
      "0\n",
      "      fpr     tpr\n",
      "0  0.3003  0.5745\n",
      "1  0.2421  0.5032\n",
      "2  0.0083  0.0476\n",
      "3  0.0210  0.2143\n",
      "4  0.0976  0.2976\n",
      "5  0.0812  0.3973\n",
      "\n",
      "1\n",
      "      fpr     tpr\n",
      "0  0.4328  0.6026\n",
      "1  0.1394  0.4043\n",
      "2  0.0098  0.0000\n",
      "3  0.0347  0.3000\n",
      "4  0.1646  0.2778\n",
      "5  0.0459  0.1875\n",
      "\n",
      "\n",
      "And loss is 0.5698\n",
      "\n",
      "[0.65751616 0.06785294 0.16913202 0.05117715 0.04600814 0.00831359]\n",
      "[0.64007207 0.12343849 0.1025339  0.08892704 0.02703616 0.01799234]\n",
      "[0.29353087 0.03504492 0.55569552 0.08030436 0.01906863 0.0163557 ]\n",
      "[0.27186976 0.05256739 0.16198874 0.45519878 0.01144118 0.04693415]\n",
      "[0.47033211 0.04088575 0.3685129  0.07026631 0.03527697 0.01472597]\n",
      "[0.33210967 0.07393039 0.12793441 0.38976269 0.01097099 0.06529185]\n",
      "[0.65751616 0.06271596 0.16207786 0.09380404 0.01942158 0.0044644 ]\n",
      "[0.60487793 0.12343849 0.08276316 0.14208651 0.0394249  0.007409  ]\n",
      "[4.28571428e-01 1.57330545e-02 5.55695516e-01 2.22731757e-10\n",
      " 3.46796133e-10 1.32925975e-10]\n",
      "[0.22857507 0.05375243 0.19449343 0.45519878 0.03315797 0.03482232]\n",
      "[0.50793988 0.05589546 0.27012976 0.09206647 0.03527697 0.03869146]\n",
      "[0.28571883 0.07753653 0.18233759 0.33222662 0.05688858 0.06529185]\n",
      "\n",
      "Pre-adjustment group rates are \n",
      "\n",
      "0\n",
      "      fpr     tpr\n",
      "0  0.3123  0.5616\n",
      "1  0.2393  0.5250\n",
      "2  0.0082  0.0455\n",
      "3  0.0184  0.1818\n",
      "4  0.0958  0.2651\n",
      "5  0.0808  0.3974\n",
      "\n",
      "1\n",
      "      fpr     tpr\n",
      "0  0.4030  0.6250\n",
      "1  0.1465  0.4082\n",
      "2  0.0101  0.0000\n",
      "3  0.0359  0.2727\n",
      "4  0.1484  0.3137\n",
      "5  0.0526  0.1875\n",
      "\n",
      "\n",
      "And loss is 0.5662\n",
      "\n",
      "[5.90766118e-01 1.74688220e-01 1.63542201e-01 6.84931474e-02\n",
      " 2.51030954e-03 4.31308261e-09]\n",
      "[4.55327144e-01 3.34746302e-01 1.27231671e-01 8.12499963e-02\n",
      " 1.44488174e-03 4.98334884e-09]\n",
      "[2.45747658e-01 8.69470921e-02 5.71428569e-01 9.09090857e-02\n",
      " 4.96758807e-03 7.14542067e-09]\n",
      "[2.27606741e-01 1.44911819e-01 1.26139998e-01 4.99999978e-01\n",
      " 1.34144248e-03 2.08617515e-08]\n",
      "[4.75199275e-01 9.98669408e-02 3.24824956e-01 9.63855363e-02\n",
      " 3.72328448e-03 6.96189336e-09]\n",
      "[2.07656773e-01 1.88013796e-01 1.54298013e-01 4.48717922e-01\n",
      " 1.31346940e-03 2.59566423e-08]\n",
      "[5.90766118e-01 1.82860919e-01 1.38888889e-01 8.69566046e-02\n",
      " 5.27466279e-04 3.85692165e-09]\n",
      "[4.22044107e-01 3.34746302e-01 1.02040816e-01 1.39618668e-01\n",
      " 1.55010288e-03 3.89966942e-09]\n",
      "[4.02860284e-01 2.57111447e-02 5.71428569e-01 8.87192979e-10\n",
      " 8.49217996e-10 1.11848021e-09]\n",
      "[1.92258668e-01 1.19018140e-01 1.81818183e-01 4.99999978e-01\n",
      " 6.90500052e-03 2.99098522e-08]\n",
      "[4.23924874e-01 1.21195303e-01 3.13725489e-01 1.37431043e-01\n",
      " 3.72328448e-03 6.75471354e-09]\n",
      "[2.35001833e-01 1.95040517e-01 1.25000001e-01 4.37836843e-01\n",
      " 7.12078094e-03 2.59566423e-08]\n",
      "\n",
      "Pre-adjustment group rates are \n",
      "\n",
      "0\n",
      "      fpr     tpr\n",
      "0  0.2913  0.5638\n",
      "1  0.2429  0.5449\n",
      "2  0.0062  0.0500\n",
      "3  0.0210  0.2069\n",
      "4  0.0965  0.2593\n",
      "5  0.0897  0.3803\n",
      "\n",
      "1\n",
      "      fpr     tpr\n",
      "0  0.4275  0.6301\n",
      "1  0.1321  0.3846\n",
      "2  0.0099  0.0000\n",
      "3  0.0350  0.2727\n",
      "4  0.1635  0.2692\n",
      "5  0.0510  0.2000\n",
      "\n",
      "\n",
      "And loss is 0.5676\n",
      "\n",
      "[0.63013698 0.12007805 0.15280865 0.06711409 0.01440591 0.01545631]\n",
      "[0.52176364 0.23777181 0.09959597 0.1025641  0.00769876 0.03060571]\n",
      "[0.29244626 0.06545718 0.57728265 0.05       0.00638834 0.00842557]\n",
      "[0.21908086 0.09028577 0.15824591 0.51724138 0.0035246  0.01162148]\n",
      "[0.48152499 0.07003649 0.31663988 0.11111111 0.01167252 0.00901502]\n",
      "[0.2821058  0.13521671 0.12469387 0.43661972 0.00395897 0.01740494]\n",
      "[0.63013698 0.11745967 0.13918047 0.09256931 0.00443632 0.01621725]\n",
      "[0.48076923 0.23777181 0.08881271 0.14686553 0.01050912 0.0352716 ]\n",
      "[3.74999997e-01 4.77173548e-02 5.77282645e-01 2.60630836e-10\n",
      " 2.50251823e-09 2.24248063e-10]\n",
      "[0.18181818 0.09933803 0.16793677 0.51724138 0.0205379  0.01312775]\n",
      "[0.5        0.0936898  0.2486756  0.13474393 0.01167252 0.01121816]\n",
      "[0.2        0.12864441 0.18473045 0.44606614 0.02315407 0.01740494]\n",
      "\n",
      "Pre-adjustment group rates are \n",
      "\n",
      "0\n",
      "      fpr     tpr\n",
      "0  0.2943  0.5507\n",
      "1  0.2456  0.5399\n",
      "2  0.0082  0.0588\n",
      "3  0.0210  0.2069\n",
      "4  0.0869  0.2658\n",
      "5  0.0915  0.3924\n",
      "\n",
      "1\n",
      "      fpr     tpr\n",
      "0  0.4179  0.6154\n",
      "1  0.1515  0.4043\n",
      "2  0.0098  0.0000\n",
      "3  0.0299  0.2727\n",
      "4  0.1582  0.2593\n",
      "5  0.0556  0.2143\n",
      "\n",
      "\n",
      "And loss is 0.5676\n",
      "\n",
      "[0.62042215 0.16343045 0.14911344 0.06179036 0.00181657 0.00342704]\n",
      "[0.52713666 0.30440175 0.06922955 0.09277116 0.00107252 0.00538834]\n",
      "[0.26237129 0.06633354 0.55287199 0.10969864 0.00077612 0.00794842]\n",
      "[2.13964539e-01 1.16655532e-01 1.51683583e-01 4.96274001e-01\n",
      " 4.54967486e-04 2.09673786e-02]\n",
      "[0.48053142 0.09278299 0.32391665 0.09442415 0.00150312 0.00684168]\n",
      "[0.25188284 0.16415451 0.12780716 0.42918471 0.00045929 0.0265115 ]\n",
      "[6.20422145e-01 1.57418582e-01 1.36091568e-01 8.38723306e-02\n",
      " 6.09216711e-04 1.58615788e-03]\n",
      "[0.46808511 0.30440175 0.0752847  0.14666949 0.00145384 0.00410511]\n",
      "[3.75000000e-01 7.21280046e-02 5.52871994e-01 4.66146010e-11\n",
      " 1.49455415e-09 2.42667932e-11]\n",
      "[0.21753885 0.09814083 0.16083549 0.496274   0.00223893 0.0249719 ]\n",
      "[0.48148148 0.11718469 0.22933949 0.15876306 0.00150312 0.01172816]\n",
      "[0.21428571 0.18478304 0.12637074 0.44515014 0.00289887 0.0265115 ]\n",
      "\n",
      "Pre-adjustment group rates are \n",
      "\n",
      "0\n",
      "      fpr     tpr\n",
      "0  0.3060  0.5816\n",
      "1  0.2343  0.5159\n",
      "2  0.0082  0.0476\n",
      "3  0.0230  0.2143\n",
      "4  0.0877  0.2706\n",
      "5  0.0903  0.3867\n",
      "\n",
      "1\n",
      "      fpr     tpr\n",
      "0  0.3939  0.6282\n",
      "1  0.1515  0.4444\n",
      "2  0.0099  0.0000\n",
      "3  0.0352  0.2727\n",
      "4  0.1548  0.2909\n",
      "5  0.0561  0.0714\n",
      "\n",
      "\n",
      "And loss is 0.5662\n",
      "\n",
      "[6.33326673e-01 1.69668905e-01 1.02615674e-01 7.80141844e-02\n",
      " 1.63745635e-02 2.40878566e-10]\n",
      "[4.83906571e-01 3.42850064e-01 7.43870709e-02 8.91719745e-02\n",
      " 9.68431933e-03 3.85473419e-10]\n",
      "[2.70772889e-01 9.49337920e-02 5.32351352e-01 9.52380952e-02\n",
      " 6.70387202e-03 2.20122469e-10]\n",
      "[1.90286562e-01 1.18667240e-01 1.51309589e-01 5.35714285e-01\n",
      " 4.02232320e-03 3.87197382e-10]\n",
      "[4.69656090e-01 1.17271155e-01 2.94934147e-01 1.05882353e-01\n",
      " 1.22562552e-02 2.27200684e-10]\n",
      "[2.45081532e-01 2.03791207e-01 9.32889259e-02 4.53333333e-01\n",
      " 4.50500195e-03 4.97498818e-10]\n",
      "[6.33326673e-01 1.69953740e-01 1.05105267e-01 8.28261638e-02\n",
      " 8.78815569e-03 2.29927174e-10]\n",
      "[4.44444444e-01 3.42850064e-01 4.96861262e-02 1.51646781e-01\n",
      " 1.13725849e-02 1.30411579e-10]\n",
      "[2.85714286e-01 1.37567519e-01 5.32351352e-01 1.97422392e-02\n",
      " 2.46246040e-02 6.85075416e-10]\n",
      "[2.18134591e-01 1.02519320e-01 1.35507617e-01 5.35714285e-01\n",
      " 8.12418601e-03 7.01244938e-10]\n",
      "[4.54545454e-01 1.37030058e-01 2.16812187e-01 1.79356045e-01\n",
      " 1.22562552e-02 4.06061601e-10]\n",
      "[2.14285714e-01 2.00382427e-01 1.59705406e-01 4.13863968e-01\n",
      " 1.17624847e-02 4.97498818e-10]\n",
      "\n",
      "Pre-adjustment group rates are \n",
      "\n",
      "0\n",
      "      fpr     tpr\n",
      "0  0.2622  0.4872\n",
      "1  0.2953  0.5030\n",
      "2  0.0138  0.0588\n",
      "3  0.0298  0.2727\n",
      "4  0.0955  0.2442\n",
      "5  0.0982  0.3462\n",
      "\n",
      "1\n",
      "      fpr     tpr\n",
      "0  0.3053  0.4557\n",
      "1  0.2552  0.4156\n",
      "2  0.0156  0.2500\n",
      "3  0.0118  0.0000\n",
      "4  0.1857  0.3220\n",
      "5  0.0830  0.2143\n",
      "\n",
      "\n",
      "And loss is 0.6088\n",
      "\n",
      "\n",
      "Pre-adjustment group rates are \n",
      "\n",
      "0\n",
      "      fpr     tpr\n",
      "0  0.2708  0.4894\n",
      "1  0.2909  0.4966\n",
      "2  0.0152  0.0667\n",
      "3  0.0328  0.2500\n",
      "4  0.0907  0.2250\n",
      "5  0.0968  0.3649\n",
      "\n",
      "1\n",
      "      fpr     tpr\n",
      "0  0.3253  0.4722\n",
      "1  0.2500  0.4143\n",
      "2  0.0176  0.2727\n",
      "3  0.0133  0.0000\n",
      "4  0.1720  0.3269\n",
      "5  0.0780  0.1500\n",
      "\n",
      "\n",
      "And loss is 0.6098\n",
      "\n",
      "[0.47222222 0.1428916  0.1122853  0.03679645 0.03738782 0.1984166 ]\n",
      "[0.41796806 0.12268818 0.01753323 0.07404302 0.03404029 0.33372722]\n",
      "[0.19485524 0.06055584 0.33371673 0.09304359 0.15784919 0.15997942]\n",
      "[0.13427681 0.04039811 0.04571602 0.30769231 0.11196307 0.35995368]\n",
      "[0.31634744 0.0959311  0.18750869 0.06010737 0.09994428 0.24016112]\n",
      "[0.22896946 0.07124406 0.07977721 0.13812042 0.08105199 0.40083686]\n",
      "[0.47222222 0.09224169 0.06979589 0.08333333 0.05095198 0.23145487]\n",
      "[0.34285714 0.12268818 0.06708841 0.04285714 0.06114238 0.36336675]\n",
      "[1.81818182e-01 1.09938501e-01 3.33716732e-01 2.41469927e-09\n",
      " 5.55839825e-02 3.18942600e-01]\n",
      "[0.07692308 0.10247934 0.12852954 0.30769231 0.0470326  0.33734313]\n",
      "[0.40384615 0.13149673 0.14812528 0.07692308 0.09994428 0.13966448]\n",
      "[0.3        0.08504774 0.0335442  0.15       0.03057119 0.40083686]\n",
      "\n",
      "Pre-adjustment group rates are \n",
      "\n",
      "0\n",
      "      fpr     tpr\n",
      "0  0.2719  0.4825\n",
      "1  0.3009  0.4903\n",
      "2  0.0153  0.0588\n",
      "3  0.0308  0.2632\n",
      "4  0.0941  0.2571\n",
      "5  0.0965  0.3000\n",
      "\n",
      "1\n",
      "      fpr     tpr\n",
      "0  0.3006  0.5000\n",
      "1  0.2515  0.4143\n",
      "2  0.0131  0.2500\n",
      "3  0.0131  0.0000\n",
      "4  0.1852  0.2885\n",
      "5  0.0841  0.2222\n",
      "\n",
      "\n",
      "And loss is 0.6126\n",
      "\n",
      "[0.51809304 0.27087058 0.10004151 0.04274926 0.06395147 0.00429414]\n",
      "[0.40626022 0.40409354 0.02714599 0.08912181 0.0648891  0.00848934]\n",
      "[0.20972145 0.19391486 0.29700905 0.12795201 0.16108225 0.01032038]\n",
      "[0.05553532 0.26025415 0.04429082 0.44871328 0.16350435 0.02770207]\n",
      "[0.35363413 0.18837443 0.21639231 0.08983326 0.14048717 0.0112787 ]\n",
      "[0.22131559 0.27078825 0.10819615 0.24770619 0.12567685 0.02631696]\n",
      "[0.51809304 0.25910645 0.06441201 0.0850714  0.07165217 0.00166493]\n",
      "[0.35253883 0.40409354 0.08532501 0.06092127 0.09491587 0.00220549]\n",
      "[0.19462863 0.32798293 0.29700905 0.06707114 0.11073518 0.00257307]\n",
      "[0.01864131 0.32492161 0.13218496 0.44871328 0.07382345 0.00171538]\n",
      "[0.43610996 0.1393426  0.14523954 0.11010607 0.14048717 0.02871465]\n",
      "[0.23879228 0.35966343 0.05899013 0.2383715  0.0778657  0.02631696]\n",
      "\n",
      "Pre-adjustment group rates are \n",
      "\n",
      "0\n",
      "      fpr     tpr\n",
      "0  0.2591  0.4931\n",
      "1  0.2904  0.5000\n",
      "2  0.0132  0.0625\n",
      "3  0.0266  0.2857\n",
      "4  0.0992  0.2532\n",
      "5  0.1005  0.3514\n",
      "\n",
      "1\n",
      "      fpr     tpr\n",
      "0  0.2948  0.4429\n",
      "1  0.2500  0.4179\n",
      "2  0.0172  0.2727\n",
      "3  0.0130  0.0000\n",
      "4  0.1872  0.3393\n",
      "5  0.0922  0.1923\n",
      "\n",
      "\n",
      "And loss is 0.6098\n",
      "\n",
      "[0.44285714 0.36931512 0.14875966 0.02655104 0.00757284 0.0049442 ]\n",
      "[0.35252127 0.49006276 0.06345652 0.06826055 0.01366085 0.01203806]\n",
      "[0.19551845 0.24978009 0.43137703 0.07879583 0.03711229 0.0074163 ]\n",
      "[0.14427586 0.2226511  0.15224559 0.38461538 0.05665846 0.03955361]\n",
      "[0.29711183 0.26676665 0.28743714 0.09679366 0.03386628 0.01802443]\n",
      "[0.24886194 0.30754865 0.13636458 0.23063046 0.03490271 0.04169165]\n",
      "[0.44285714 0.3330931  0.10569819 0.1        0.01568544 0.00266612]\n",
      "[0.29850746 0.49006276 0.1389172  0.04477612 0.02383676 0.0038997 ]\n",
      "[1.81818182e-01 3.57037193e-01 4.31377032e-01 5.17276144e-11\n",
      " 2.72226597e-02 2.54493340e-03]\n",
      "[0.07692308 0.4055239  0.12167044 0.38461538 0.00767819 0.00358901]\n",
      "[0.375      0.23188515 0.23308214 0.08928571 0.03386628 0.03688071]\n",
      "[0.26923077 0.39191878 0.08949474 0.19230769 0.01535637 0.04169165]\n",
      "\n",
      "Pre-adjustment group rates are \n",
      "\n",
      "0\n",
      "      fpr     tpr\n",
      "0  0.2703  0.4928\n",
      "1  0.3038  0.4968\n",
      "2  0.0154  0.0667\n",
      "3  0.0288  0.2632\n",
      "4  0.0909  0.2267\n",
      "5  0.0945  0.3333\n",
      "\n",
      "1\n",
      "      fpr     tpr\n",
      "0  0.2989  0.4286\n",
      "1  0.2601  0.4085\n",
      "2  0.0129  0.2500\n",
      "3  0.0130  0.0000\n",
      "4  0.1979  0.3269\n",
      "5  0.0826  0.2308\n",
      "\n",
      "\n",
      "And loss is 0.6140\n",
      "\n",
      "[0.42857143 0.30147638 0.15883379 0.0745006  0.02876074 0.00785706]\n",
      "[0.3636885  0.42307735 0.10356072 0.08196368 0.01371911 0.01399063]\n",
      "[0.16968934 0.22112706 0.45658854 0.09326202 0.0386802  0.02065284]\n",
      "[0.128072   0.20812072 0.31567745 0.29213124 0.00708399 0.04891461]\n",
      "[0.29500146 0.25349884 0.32519886 0.07473091 0.03298238 0.01858755]\n",
      "[0.23248849 0.27733559 0.31879542 0.10385281 0.01589559 0.05163209]\n",
      "[0.42857143 0.28376488 0.16775149 0.09494265 0.01873621 0.00623334]\n",
      "[0.32394366 0.42307735 0.18622065 0.04011661 0.02273516 0.00390656]\n",
      "[1.66666667e-01 3.50078774e-01 4.56588539e-01 4.19752788e-11\n",
      " 2.52218186e-02 1.44420202e-03]\n",
      "[0.07692308 0.39414262 0.20405449 0.29213124 0.01552112 0.01722746]\n",
      "[0.38461538 0.17696606 0.28938501 0.07303281 0.03298238 0.04301836]\n",
      "[0.23076923 0.35584772 0.12713141 0.21909843 0.01552112 0.05163209]\n",
      "\n",
      "Pre-adjustment group rates are \n",
      "\n",
      "0\n",
      "      fpr     tpr\n",
      "0  0.2567  0.4752\n",
      "1  0.3000  0.4932\n",
      "2  0.0152  0.0667\n",
      "3  0.0264  0.2727\n",
      "4  0.1041  0.2439\n",
      "5  0.1010  0.3429\n",
      "\n",
      "1\n",
      "      fpr     tpr\n",
      "0  0.2959  0.4429\n",
      "1  0.2695  0.4028\n",
      "2  0.0174  0.3333\n",
      "3  0.0133  0.0000\n",
      "4  0.1765  0.3654\n",
      "5  0.0787  0.2174\n",
      "\n",
      "\n",
      "And loss is 0.6126\n",
      "\n",
      "[4.42857131e-01 2.81228296e-01 1.48936171e-01 5.52770116e-02\n",
      " 1.32314455e-08 7.17013776e-02]\n",
      "[3.78671336e-01 3.67591063e-01 4.79452106e-02 9.05250272e-02\n",
      " 1.72284970e-08 1.15267346e-01]\n",
      "[2.05240042e-01 2.14925166e-01 4.66666653e-01 3.90225888e-02\n",
      " 1.53420351e-08 7.41455348e-02]\n",
      "[1.18758162e-01 3.34234110e-01 9.09091027e-02 3.07692310e-01\n",
      " 4.76613957e-08 1.48406267e-01]\n",
      "[2.87641003e-01 2.72698527e-01 2.80487801e-01 6.96271892e-02\n",
      " 1.78715936e-08 8.95454616e-02]\n",
      "[2.07836665e-01 3.81854563e-01 1.28571439e-01 1.26483075e-01\n",
      " 3.02180397e-08 1.55254228e-01]\n",
      "[4.42857131e-01 2.72104637e-01 1.17709720e-01 8.57142932e-02\n",
      " 1.85970586e-08 8.16142006e-02]\n",
      "[3.33333326e-01 3.67591063e-01 1.42355562e-01 4.16666793e-02\n",
      " 2.14217094e-08 1.15053349e-01]\n",
      "[1.11111113e-01 2.95266774e-01 4.66666653e-01 2.14384290e-08\n",
      " 2.00032154e-08 1.26955419e-01]\n",
      "[7.69230793e-02 3.02994484e-01 2.02524836e-01 3.07692310e-01\n",
      " 1.79551973e-08 1.09865273e-01]\n",
